,f,y,x1,x2,x3,x4,x5,x6,x7,x8,x9,x10,x11,x12,x13,x14,x15,x16,x17,x18,x19,x20,x21,x22,x23,x24,x25,x26,x27,x28,x29,x30,x31,x32,x33,x34,x35,x36,x37,x38,x39,x40,x41,x42,x43,x44,x45,x46,x47,x48,x49,x50,x51,x52,x53,x54,x55,x56,x57,x58,x59,x60,x61,x62,x63,x64,x65,x66,x67,x68,x69,x70,x71,x72,x73,x74,x75,x76,x77,x78,x79,x80,x81,x82,x83,x84,x85,x86,x87,x88,x89,x90,x91,x92,x93,x94,x95,x96,x97,x98,x99,x100
0,-0.93354565,-0.93305236,1.0,0.0,-0.06574625,-1.2869376,-1.2128086,1.0,0.0,-0.8237263,-1.490181,-0.52834624,-1.1483226,1.2527382,1.7059772,-1.5807788,0.6843263,0.20841578,1.3273047,0.5955896,0.16190332,0.68564343,-0.35724753,0.6121737,1.1124376,-0.09259514,1.5072643,1.0963138,1.6560972,-1.2177733,0.124852255,1.6045454,0.5173128,1.182627,1.568547,-1.0910001,-0.8886924,1.2652017,1.4096435,0.95427775,-0.49522352,-0.16971318,0.42099234,-0.058205362,-0.032001857,-0.23169076,1.2096945,-1.0645512,0.5783437,0.7401518,1.5146993,-1.5552952,0.42886475,0.50156677,-0.17932728,-1.5479071,-1.437538,-1.1519815,0.92335725,-1.1512135,-1.1951008,-0.4030375,-0.011052989,0.6300508,1.0583934,-0.77244514,1.501853,-1.5987561,-0.44984156,-1.000642,-0.55184686,-0.20978802,0.00676782,-0.27497104,-0.9344312,-1.0506891,-0.9757415,0.7806323,-0.34788227,0.20440777,0.03065896,-0.25360593,0.8230485,0.13221748,-0.60084355,1.6655096,-0.9571251,-1.2454439,0.46553648,0.018706974,-1.1323848,-1.334818,0.119329385,-0.7427374,-1.3911442,-0.018739086,0.42474607,-1.4812306,-0.041491386,-1.4293731,1.0137529,0.95654184
1,-0.46542826,-0.5942711,0.0,0.0,1.4271513,0.014040114,-1.24229,0.0,0.0,0.20681225,-0.8577182,0.25444037,-0.63289356,0.9513881,0.0462847,1.5885308,0.075273804,1.3607318,-0.9320264,0.080695346,0.01379072,1.0650693,-1.4554824,1.0983775,1.0411544,-0.29509866,-1.6097765,0.9669345,0.6137368,1.3477324,0.2669338,1.6798061,-0.64737463,-0.56877065,0.7618396,0.6793515,0.8023463,1.3355583,0.7447579,0.68206143,1.2213185,0.45489848,-0.6429316,1.0878859,-0.8513551,0.6844587,0.053452395,-0.42188978,-1.1435859,1.3792963,-1.4847122,1.1345649,0.55559206,-0.12223297,0.5151386,-0.7518872,1.2765507,-1.1206876,0.20222951,-0.09034777,0.61919385,0.015030299,1.5954543,1.1765031,1.3980699,-1.6094635,-1.191056,-0.06244156,0.78687257,-0.4411806,0.21759667,-1.5878689,0.51416683,0.64875627,-0.31604072,-1.332434,-0.3454608,0.81283313,0.2254243,1.2174743,0.332999,-1.1240051,0.3234341,-1.6041207,0.92986757,-0.99389565,1.4359471,-0.022184905,-0.13162869,-1.2055562,1.0549977,1.5028484,0.6588838,0.6010494,0.7491336,0.86436594,0.7099218,-1.1274352,0.53301805,1.4014106,-1.512572,-1.0272003
2,-0.123165086,-0.61979824,1.0,0.0,-0.8337235,1.1687526,-0.43228492,0.0,0.0,-0.36643678,-1.399707,1.0660205,1.5386107,-1.1579399,-0.6130353,0.5948678,-1.4276761,-1.6758227,-0.66443837,-0.39688957,0.165878,0.17298375,-0.5547863,-0.30965102,-0.8670443,-0.990113,0.94528073,-1.2587719,-0.16597942,-1.3790859,1.1975291,1.2586833,-1.3083457,0.7133538,1.4087597,-0.40290967,0.9838658,1.4381139,-1.7506387,-0.78251696,-1.5689219,-1.0789973,-1.6503557,-1.6002853,0.5699648,-0.73320955,1.1198342,-0.57973117,1.3686286,-1.2657552,0.1793046,-0.65773034,0.98325944,-0.5628025,-1.3484924,-0.15235479,-0.7406809,0.86139125,0.72656554,-1.6882964,-1.655891,1.5144246,-0.5658438,-0.7801914,-0.79168904,-0.84549326,1.0222884,-0.7854061,0.7327585,0.6906935,0.16927451,0.6152458,-1.1488854,-0.1013032,0.019170068,-1.7173935,-1.0238938,1.4822667,0.47851506,1.5395521,-0.41713136,0.89394933,0.3510795,0.29078794,-1.258308,-0.9207803,-1.4942207,0.09376546,-0.46437874,-0.9969275,-0.46152458,0.13051957,0.71540505,0.32545638,0.5096791,0.3743677,-0.46882486,-0.5121566,0.1694241,0.85123885,1.4394357,1.1975205
3,-1.3000141,-1.3057468,1.0,1.0,-1.7220325,0.96378946,-1.0154579,0.0,1.0,-0.5924851,-0.36187962,1.647058,-0.84417266,0.82561564,-0.2691845,-0.634917,0.9275738,-0.22039184,0.67229944,-0.979062,1.133082,0.7348418,0.0380549,0.94522685,1.4400456,1.0051738,-0.7085779,0.78992003,0.39504617,1.0820174,-0.29853633,-0.06380981,-1.3800743,-0.9722621,0.08430836,0.08730947,0.7593106,-0.74532044,-1.3610218,-1.0876565,-0.19489942,-1.1259482,-1.2623804,0.7302505,1.4861656,-1.5113221,-1.65424,-0.737806,0.21292043,1.563113,0.295311,0.699458,0.43884167,1.5909995,1.1763408,-0.48028588,1.1466116,-0.8313345,1.5661101,-0.31533256,0.21602547,0.597495,-0.5963055,1.2359853,1.7165824,0.27808747,-0.95379645,-0.70905536,1.0737007,0.28982124,0.14101231,-1.2280334,0.870032,-1.1674439,-1.0282158,0.25107256,0.3482721,-1.071296,1.4199253,0.6245398,1.1315942,0.9573619,0.084319465,0.3933755,-1.5867149,0.325772,0.39773095,0.6874686,-0.9519524,-0.57006717,1.6356452,-0.75690407,0.6776546,-0.82798076,0.27424312,1.3066919,1.0641729,-1.5106785,-0.30324948,-0.36779,1.3766342,-1.5428721
4,0.41133207,0.24296677,1.0,0.0,-1.693079,0.53389525,0.82546157,1.0,0.0,-0.038575023,-1.071884,1.4672526,0.7772899,-1.4422355,1.4264609,-0.7273728,-0.3181418,0.3720321,-0.07827131,0.13054687,1.5451305,-0.3958301,0.11555704,-1.1068072,-1.6208024,0.09528955,-1.3908699,0.6479675,-0.9145391,-0.059019316,1.1945547,0.7534294,-0.24139206,0.58193505,-0.615848,1.3938059,-0.65394175,0.3819823,-0.20942733,-1.5713207,-0.2921358,0.2632391,-0.05294647,1.4618281,-1.2608668,0.84698796,0.3539439,-0.50576156,0.12272668,-1.2712529,0.33600682,-1.2099565,0.22828645,1.1877699,-0.3624741,-1.5328192,-0.82611185,0.24006918,0.31908748,1.6176498,1.3810011,-0.61242,-1.2822261,1.0621331,0.09022716,1.6519657,-1.5009397,-0.48480293,0.815708,0.29599506,1.091958,0.8336006,-0.49761894,-0.38765383,-0.8891232,1.0338157,-0.28163633,1.1840882,1.4641883,-0.6147599,-0.4234658,-0.08752574,0.8720582,-1.7321302,-0.16088429,1.0846728,-1.2273016,1.0113299,-0.4519833,-1.5255122,0.763584,1.294198,1.6421082,-1.2305335,0.34096014,-0.7769583,1.2947489,-1.3011439,-1.1437452,-1.4472727,-0.63356334,1.6312556
5,1.0551692,0.84107107,1.0,0.0,-0.41833013,1.5846447,0.7588121,1.0,0.0,1.5582035,-0.809451,0.6343097,-0.6907288,0.4577244,-1.6111223,-0.37832528,1.5429137,-1.292099,-0.5162494,1.5339221,-1.7362328,1.1524768,1.2255223,0.91032034,1.3115157,-0.38545313,-0.7105029,0.10943979,-0.7051434,-0.9536269,-1.5443214,-0.40274686,-1.1645354,0.8439525,0.5852313,1.2309892,-0.064087205,-0.89300174,0.8976441,-1.0760996,-0.37079698,0.37805867,0.5048725,-0.1080376,0.5247063,-0.9992409,-0.13628833,-0.6403143,-1.1732879,-1.481333,-1.0500197,-0.26156276,0.48946828,-0.82156783,1.2546878,-1.492079,1.0842144,-0.10544457,-0.67847306,-1.2286787,0.35839608,0.33400714,0.68554753,1.1805328,-0.12835667,1.5942849,1.7733139,-1.2740905,0.13983682,0.4257913,-1.6900514,-1.2353438,0.8794801,-0.41830516,1.1096835,1.6842523,0.23686677,-1.651682,-1.2363218,0.4748706,1.0170338,-1.7064852,0.47646993,0.061902475,-1.19627,-1.3954135,1.6075563,1.7522814,-0.5552655,-0.31807616,-1.3847687,-0.8447645,-0.6335508,0.6845662,-0.23545487,0.4475383,0.4976175,0.17910525,0.094605416,-1.7151923,0.4922336,0.72409487
6,-0.2982809,-0.973471,1.0,0.0,0.5961337,-0.31544873,-0.9727388,0.0,0.0,-0.91064376,-0.3058744,-1.5168071,-1.7114283,0.8944782,1.486802,-0.70189446,-0.33454886,1.4409293,-0.41063887,-0.029281836,-1.52848,0.015587905,0.78405195,-0.80830026,-0.14370584,-1.4742097,0.3466168,0.7483661,-1.6304123,-0.16278446,-1.4565752,1.7218478,-0.21915677,-0.031572104,-0.045694172,1.4727355,0.50538516,0.7684731,0.30836362,0.10831261,1.1401173,1.1061585,0.36007586,0.009191268,-0.26518786,0.031884786,-1.5994402,-0.7974241,0.960795,1.5443404,-1.7269127,-1.6345946,1.4173106,1.2365327,-0.07043685,1.5326785,-0.7391834,-0.63861126,1.4188598,-0.53784436,1.6562859,-1.1200017,0.41558373,0.3064595,-1.1747448,-0.99475795,-0.29293978,0.01812179,-0.600441,0.6852693,1.5479292,1.2110447,-1.1466744,0.05024074,1.7247788,-0.18009897,1.1931391,-1.4458101,0.61614776,-1.2370249,1.5501355,-0.35442927,-0.3071246,-1.4607129,-1.3866246,0.42569378,0.15121381,-0.47904304,1.6777039,-0.15224211,0.6261206,-0.8851641,-0.0065281116,1.5627345,-0.31316534,0.15340865,-0.7325741,-0.51749027,-0.41343692,-0.8389272,0.9510329,0.09254649
7,-0.0999357,-0.31836653,1.0,0.0,0.72057027,-0.1674715,-0.8184803,0.0,0.0,-1.4528474,0.72679865,0.071213,-0.88151526,-1.4539628,-0.38229638,0.5492043,-0.53688157,-0.34043762,-0.1674849,-0.2170362,-0.2917767,-0.43011093,-0.43776742,0.6256624,0.85718757,-0.52355,0.94186217,0.013561525,-0.16443998,1.3501155,0.24822855,0.6235909,-0.92271525,-0.54172695,-0.10777114,0.3762758,0.8299857,1.1618797,0.695147,0.43018407,-0.017027292,-0.3365759,1.012452,-0.10901357,-1.1022618,-0.8534506,-0.9605798,1.0209095,1.6257216,1.09914,0.77472645,0.42185906,-0.49577773,0.7376498,0.09626613,-0.5617097,-1.293109,-1.0187787,1.5463551,-0.5257516,0.78576297,0.02140219,0.33359063,-0.8242919,0.52448106,-1.3919694,0.5423231,1.2549545,1.3400604,0.42552212,-1.2474887,1.1787488,-0.23811466,0.19257982,0.66554594,0.22380488,1.0646988,0.57289135,1.470636,-0.9092179,0.5101848,0.3718131,0.68739986,-1.0164479,-1.3904601,-1.6151004,-0.1078726,0.36770153,-1.5369297,0.16071604,0.25911358,-1.4719182,1.3482003,-1.3905414,-1.046837,-0.4748864,0.4030679,-0.4587772,0.12327119,0.16841033,-0.63709337,-0.4023234
8,1.8750451,1.7679458,1.0,0.0,1.3632139,1.526823,0.9510503,1.0,0.0,-0.9239063,1.5179174,0.96246094,0.40592563,1.171645,-0.48353022,-1.2382609,-1.6599663,-0.47151673,-0.2880176,0.8121687,-1.1661003,-0.3075937,-0.070763975,1.2219689,-0.8177446,0.101640336,-1.4541007,-0.99583447,-0.9957672,-0.5160685,0.94673055,0.17567316,-0.46095404,-0.3533237,1.4520137,0.16954695,-0.93070865,-1.2139691,1.0541922,-1.4388908,-0.8437045,1.4025894,-1.180636,0.3363334,-0.003981516,-1.3506145,0.62182087,1.0625672,1.2662003,-0.92778665,-0.37246317,-1.3874538,1.3065429,-1.40524,1.3455266,-1.5378971,-0.26957008,-0.4093944,-0.01218691,-0.07216133,1.0775734,0.989149,0.6979915,1.3565634,-1.5971831,0.32466626,-0.14528133,1.5942674,-1.3148099,-0.93337667,-0.09453574,-1.4632694,-0.51922184,-0.6571811,0.9822057,0.09324774,-1.6594013,0.5363311,0.87338555,1.4059836,1.1838441,0.6287358,-1.0927129,1.3764274,-1.1559181,1.3929245,0.06001468,1.1453321,-0.31096306,1.0824968,0.2502322,-0.274592,-0.416957,1.5106977,1.3000127,0.106319316,-0.8223102,0.21023099,0.59837174,0.40777278,0.4024151,0.9817374
9,-0.5099221,-0.7982492,0.0,0.0,-0.75832665,1.3396558,-0.5740289,1.0,1.0,-1.2897612,0.9191731,0.07356111,0.5592869,-0.3178353,-0.33508077,1.4065523,0.5114033,-0.8457108,-1.2811985,-1.6611671,0.43957862,-0.35135037,0.7532938,-0.83741003,1.0375757,1.467886,0.632671,-0.14269575,0.17155814,-1.1738234,-1.1511376,-1.384503,0.6573824,-0.7594559,1.5912873,0.8423199,0.63222927,0.5593866,0.34513694,-1.3496503,1.6375657,0.046371073,0.6406208,0.32226443,0.103479296,-0.79440933,0.29551947,0.6585758,-0.48628795,0.7449525,-1.2883154,0.7963928,0.88794416,1.725753,0.76905036,1.5465946,-0.7666837,1.2105243,0.5735738,1.4043576,-1.4002973,0.27036366,-1.014382,-1.073813,-0.8641359,-1.3518494,-1.2881545,0.8141451,0.24842387,1.4035423,-1.657302,0.12793489,1.1038734,0.39091998,-0.88059103,-1.7554703,0.7432593,1.0441165,-1.5497977,-0.24260616,-0.66609377,-0.08507955,0.9422358,0.1616401,-0.3248729,0.7438741,0.34419188,1.4391485,-1.0513228,-0.11937128,0.40037057,-0.52957237,0.27002758,-1.5216037,-1.403612,-0.073671624,0.11078099,1.7058065,0.5290609,0.6382169,0.4350357,1.7740228
10,1.1711344,1.4540966,0.0,0.0,1.0169208,0.21292408,0.98725575,1.0,1.0,-0.85130864,0.38745314,-1.331998,0.95430034,-0.55056256,1.8403637,-0.5112685,1.1792098,0.72336084,-1.1158082,-1.6208466,-0.5977149,0.959156,0.49753577,-0.15582815,-0.17278445,0.22806083,-1.683726,1.4070309,-0.28835073,-0.992044,-1.2551414,1.778671,-0.31244615,0.3510496,-1.0755416,-1.57548,-0.64159805,-0.47544262,0.753206,-1.7125537,1.5164038,0.3823558,-1.2562972,1.3600339,-1.3527898,0.77804625,1.0692935,0.61118627,-1.0729465,-0.54722494,-1.4251593,0.15316185,-0.19737417,0.89226824,-0.29169208,0.33320883,-0.8161578,-1.019549,-1.379289,-1.1314721,-1.5853195,-0.30303,1.7273566,1.1462305,1.5364077,-0.23935254,1.530864,0.42507803,-1.2401971,-0.33178845,-0.53864837,-1.3969898,-1.3179351,0.5819204,0.093924895,-1.0781571,-1.731654,-0.18754189,1.1198913,1.4916576,0.1871846,1.2501849,1.226702,-0.9328879,1.6992668,0.23288822,0.42271268,1.7744865,-0.5653092,1.6654127,0.5260694,1.2060198,1.0823046,-0.9070303,-1.0783976,-0.6609975,-0.15723328,-1.0900439,-1.1481447,-0.47201502,1.3424523,-1.336898
11,-0.33267772,0.44164893,0.0,0.0,0.9696655,-1.699601,-0.41690338,0.0,0.0,-0.19024026,1.5183752,-1.5037798,-1.1350882,-1.4380779,0.85109144,0.7012721,1.2405013,1.2743622,0.776823,-1.3093209,0.0064014974,-0.22217911,-1.0551368,0.007088498,0.81856024,-0.08546816,1.4582685,1.4457622,0.43696764,-0.2756955,-1.0746272,0.8336037,0.9477435,-0.021267114,0.80116516,1.0782123,0.90331495,1.2527888,0.023657449,-0.38715577,1.6997467,1.3761954,1.4207104,1.1532843,-1.3669245,-0.32683268,-1.0584997,-1.5751196,0.0073045543,0.8303265,-0.6646378,-0.17491701,-0.7838418,-0.0538415,-0.88330704,-0.68512136,0.7624729,1.5317348,-1.4749182,0.6833708,0.17563413,-1.0115651,1.0698738,0.4486328,-0.009847042,0.28098688,-1.2854655,1.0927347,0.59411687,1.5666958,-0.5382965,0.25573534,-1.452805,-1.0767937,-0.8084341,-0.81234473,-0.6350563,-0.57611907,-1.140933,-0.68133205,1.5426109,0.46115875,0.76033556,0.27328402,-0.89316773,1.4863305,1.3068485,0.6247814,1.7766962,0.38686433,-1.6637493,-0.33750913,0.6966258,0.5000141,-0.75593823,-0.9752383,-0.8482508,1.4598268,-0.13626054,1.1013876,-0.868324,-0.016577654
12,0.35611457,0.48813382,1.0,0.0,-0.5447224,1.581956,-0.067968816,0.0,1.0,1.3286178,0.31293723,-1.5557693,0.69048876,-0.46346974,-0.1136218,-0.27232897,-0.3152741,1.2684373,1.0065222,-1.4166499,-1.6657598,0.40463272,-0.7401438,0.3114284,1.1111279,0.7450541,-0.4891943,0.4986776,1.1421081,-0.007149107,-0.7972699,1.6346471,-1.0637162,-1.0320567,-0.5957417,-1.6094449,0.6363229,-1.0818955,1.1454973,-1.2841449,1.5380362,0.5019042,-0.24245532,-1.3201674,0.1625118,-0.20426081,1.1539118,-0.1926672,-1.5370275,0.7725263,0.35965568,0.2163258,-1.1269445,-0.0006069196,1.0317225,0.42898294,0.89525676,0.6244741,-0.80034417,0.81666553,1.6762668,0.10503583,-0.50086784,-1.7864728,-1.6789438,-1.3463714,-0.39731106,0.27377513,0.1578044,1.3479364,-0.55742687,0.53337497,-0.34666997,-0.50469446,-1.1047837,1.3652488,0.14993882,-1.4466397,1.501755,0.9276289,0.21284738,0.17509204,1.618405,-0.97508276,1.2652564,1.6461948,-0.057140734,1.7836704,-0.91409284,-0.88593763,-0.82791275,1.334139,-1.4499401,0.17341803,-1.7540561,-1.3212755,-0.6183339,1.6656612,1.3387024,0.6360187,1.5886043,1.4644523
13,1.824308,2.1391368,1.0,1.0,1.3195182,0.76695883,1.5303618,1.0,1.0,-1.0484043,-1.0530472,0.5206645,-0.6473538,1.476403,-0.29653025,-0.83176816,-1.0507069,-0.30589136,-1.3393623,1.4291847,1.2556828,1.2118735,1.7730942,-0.74291277,-0.80312186,-1.3660743,-1.7017795,1.1060396,-0.6799428,0.81675065,-1.346482,0.0038164079,-1.3446952,-1.3258007,1.3824222,-0.92356056,1.0311093,0.37648103,0.10506767,-1.6401303,-0.8492311,-0.9900587,1.0233104,0.035830006,-1.4345375,-0.7831704,0.7161177,0.721075,-0.9141887,-1.1499882,-0.30228746,-0.87307745,-0.040684454,-1.4623718,-0.26957646,-0.48816392,1.667371,-0.14551294,-0.19221318,1.6889063,-0.33791825,-1.0927186,-0.97617245,1.1238879,1.1031848,-0.69315374,0.18894039,1.3923206,0.68396467,1.6922377,-0.8802799,1.6818019,-1.3907267,0.4882673,-1.587543,0.72825253,-1.7207565,-0.40364155,0.58421975,-1.6403515,-1.2048235,-0.80463403,-1.1466098,-0.20804696,-1.3669277,0.73215,1.0668718,0.54025984,0.5995058,0.3473897,-0.30866665,-1.4926342,1.0500692,1.5947791,0.3699703,0.6832656,-0.27752534,0.15017657,0.73713756,-1.151719,0.6028678,0.18551889
14,-0.07302342,0.73810285,1.0,1.0,1.7184604,-0.5051991,-0.75312275,0.0,1.0,0.98247045,-0.6050144,-0.010358877,-1.7200673,-1.1098657,-0.23114866,-0.79684734,1.029912,0.2467244,1.2378228,0.32517892,1.2056375,-0.97763133,1.0358332,-0.030762617,-0.75315374,-1.5552373,0.50340605,-0.8681425,1.5919627,-1.494991,1.2265253,-0.3191627,1.6739037,0.36042908,1.2955409,0.31789893,-0.0963262,-1.7139611,0.7079799,-0.24391311,-0.21390995,0.3416673,-0.8327587,0.93343115,0.14646852,1.3220252,0.61812925,-1.1620235,0.6393467,0.92484784,0.3166009,1.760533,-0.86651963,0.10991177,1.2470345,-1.6503041,0.07601218,-0.4319405,0.8062313,0.40848428,-0.2812434,0.9383407,-0.6472618,0.45119378,-1.531799,-0.028321605,-0.7110064,-0.34102932,1.0639845,1.089795,-0.19003713,-0.14775272,1.0482821,-0.14276092,-0.3445914,-1.7814524,1.255109,-0.93847656,-0.936146,-1.0055503,1.5528685,-0.79186624,-1.5768037,1.5368497,0.7139037,-1.2443318,-0.15252368,-0.9648886,-0.15650107,-0.480416,-0.16482848,-0.64045644,0.24786726,1.1824862,0.002220296,0.18052165,0.7745843,-1.2235845,0.7128291,1.6507361,-1.1738741,-1.5173671
15,-0.029331889,0.162354,1.0,0.0,-0.40525812,0.38146535,-0.3213571,1.0,0.0,-0.43466505,-1.2606425,1.364052,0.29129946,-0.3637999,0.71383214,0.49852568,1.2260367,-0.98494476,1.3311284,-0.9558393,-1.2365055,1.4170792,0.4808863,1.6074427,1.2676675,-0.95119816,0.50580096,1.2262546,1.1848761,0.62445694,0.55042416,0.7715149,-0.8500119,-0.2109914,0.99654406,0.6534005,-1.2324941,0.2323131,0.708447,1.3859149,0.8398872,0.29053837,1.2509365,-1.5624069,0.358104,0.20277584,-0.09373067,1.1803298,0.544777,0.15139358,-0.75211,-1.3873062,-1.8089024,1.2182792,-0.6743024,-0.035177514,-0.14313135,1.0113444,-0.8484789,-0.8835244,-1.4873607,1.2593538,1.7198415,-0.7753044,0.42233723,-0.3250944,0.5118025,-1.2715787,-1.1830028,-0.735833,-1.6180363,-1.526965,0.7891314,0.79722786,0.80954987,-0.65088946,0.47111475,-1.3736225,-0.086339556,1.4293989,-0.04987763,-0.65457386,1.7448014,-0.73644006,-0.54669505,1.3100964,1.7349846,-0.2649937,-1.4562242,-0.4370291,-0.08492755,1.1755636,-1.5009321,0.8432736,-0.84320086,-0.38975888,-1.1463654,-1.556277,-0.9091549,-0.38474715,-0.35419634,-1.5131716
16,0.41377738,1.1002694,0.0,1.0,0.23704123,-1.4673404,1.2588893,0.0,1.0,0.2970034,0.02000933,0.6428642,0.6061805,0.5194832,1.6197823,-1.5442085,0.17736973,-1.3731546,1.2853194,1.6111974,-0.1363891,0.08903892,-1.0657877,-1.2235024,-1.476173,-1.4463773,1.5490838,-1.2461926,-1.324573,0.4475423,0.89454,-1.0877991,-0.37418884,-1.4490108,0.38719022,0.1440911,1.4275322,1.6639812,0.36995408,1.6482444,0.6844109,-0.24345538,-1.3457168,-1.4652679,-1.5899241,-1.3966852,1.5491818,-0.2011133,0.5059482,-0.8212549,0.07037784,0.5867595,0.10699778,-0.97398084,-0.892243,0.3597404,0.25663245,0.2428093,1.2185105,-0.9030715,-0.9217963,-0.4785161,-0.43271673,-0.77628076,-0.29756925,-1.6681864,0.05269634,0.75416243,-1.4851453,0.9870148,-1.5909766,1.533325,-0.036805138,-1.0603338,-0.392207,-0.016951518,0.49620485,-0.4729236,-0.33140898,1.1317742,-1.2595459,0.40784702,-1.6979309,0.23687328,0.22171403,-0.9944426,-0.68061507,0.46622482,0.7312472,0.50273865,-1.0201503,-0.3701597,-1.3914347,-1.6068101,-0.54368615,0.524691,0.48219395,-0.5639455,-1.1969968,1.1163424,1.5039796,-0.30083627
17,-1.8048849,-2.2056925,0.0,0.0,-1.199611,-1.2846537,-1.3408805,1.0,0.0,1.4956316,-1.5980103,-1.5014155,-0.88213164,0.28735295,-0.16658829,0.10689214,1.0283494,1.0640043,1.2043717,0.81485254,-1.4096404,-1.3831065,0.10344834,0.452724,1.3257954,-1.273072,0.42394453,1.0518327,1.0927147,1.2803769,-0.4324264,1.0965446,-0.9645882,1.1917592,1.6046244,-0.50028396,1.4518695,-0.92351997,0.65681034,0.6179534,0.56356394,-0.06960017,0.1430443,1.2968919,-1.2728853,-0.87976223,-1.7810051,1.5968438,0.29830283,1.1188208,-1.6236928,-0.9652625,0.9528438,-0.55006987,0.63884354,-0.7756979,-0.9610094,1.6105347,0.8361159,1.029118,-1.1275609,-1.4024599,-1.1778212,0.1309182,-1.0626534,1.2927876,-0.16322638,-1.3948574,1.6838067,-1.2830178,-0.47064927,-1.280591,-0.33234787,-0.8466262,-1.5126932,0.58816254,1.643613,-1.2902901,-0.6321221,0.13771923,-0.8816007,-0.88927597,-1.2286371,0.28048778,-1.1289313,-0.80602133,-0.077369116,0.24440126,-0.9698823,0.80412805,-0.5225681,-0.95156384,-0.762429,0.31967628,-0.1198268,-0.4185183,0.20977241,0.42158017,-0.85144275,1.5706633,-1.283069,-0.9670237
18,-2.1657271,-2.2267456,0.0,1.0,-0.88594407,-1.1469692,-1.5569217,0.0,1.0,0.9236965,-0.27643833,1.1554924,-0.6372492,0.278657,0.055551525,-0.04864346,-1.4883835,1.6905571,-1.1536169,-0.7774614,0.5374908,-1.6455876,-0.63715065,-0.50143427,0.40218875,-1.4159083,-1.3818451,0.11130259,1.0853087,-0.79625213,0.1447966,0.09383971,0.92749184,1.6163244,-1.2577927,-0.19335327,0.57177013,0.933321,1.3796414,0.8677622,-0.053827506,1.3081728,1.5043534,-1.2587218,-1.3223919,-0.3102816,0.14198704,1.4252398,1.2724267,0.6495829,-1.5581981,-1.0659928,-1.5930321,-1.425898,-0.36393443,0.3254415,-0.9823636,0.32351783,1.5298169,-0.271743,1.4680363,-1.5336394,0.6863863,-1.0091709,-1.6499188,0.56889844,1.1539671,-0.36662823,0.59169906,-1.3761897,1.3154756,-1.4163767,-1.1479365,-0.2856,-1.1714215,0.4853996,-0.38961124,0.24508177,-0.7020834,0.81444883,0.58608,-1.416224,1.7001958,0.06271326,-0.32098487,0.20040452,-1.3716565,-0.51521534,-0.09543562,0.120178536,0.4782403,-0.5080133,-1.7570758,-0.7206644,0.21210244,0.8865011,-0.2589189,1.6699997,-0.5091873,-0.61078614,-0.71442586,1.6897455
19,-0.93594354,-0.35853988,1.0,0.0,-0.21335249,-0.06949303,-1.4528955,1.0,0.0,1.3617336,-0.5298927,-1.5893356,-0.050444353,-0.3913367,-1.6592652,-1.2549291,1.2739229,1.5060779,-0.73277825,-1.7213787,0.26383257,-0.19151469,1.4437662,1.5470207,-0.666059,1.3147569,0.9847474,0.21496734,-0.31262898,-0.603018,1.172487,-0.4154695,-0.1567911,-1.4000658,0.5913768,-0.802601,-0.79845023,1.018048,-0.4500425,0.6029745,-0.19305281,-0.3276766,-0.4567247,-0.71719235,-0.061517946,1.3767503,-1.1334404,0.6597155,-1.6932851,-1.10139,1.3485215,0.344013,0.31274286,-1.1066277,0.009619421,-0.08304845,1.3671027,-0.7482734,-1.3146886,-0.8188437,0.0042295028,0.8344542,-1.3186476,-0.9544341,-1.2585707,1.219729,0.34308118,-0.09417673,1.5822554,-0.30614528,-0.76682407,0.6042595,1.1526024,1.266977,0.4568844,1.6517918,-0.11557806,0.33225238,0.057336874,0.040872592,1.1367954,1.600576,0.38430935,-0.2680212,1.4379553,-0.225486,0.8250225,-1.3622534,-1.00558,0.31936395,0.7792974,-1.623695,1.0414867,0.46317557,0.5647325,-1.4392908,-0.6141546,0.06828882,-0.5540412,1.1949294,-0.74535906,0.36277175
20,0.8112985,1.1117842,0.0,1.0,0.18485005,-1.018311,1.6758028,0.0,0.0,-0.86449003,0.38455072,-1.1349143,-0.12419674,1.0306171,-1.6199491,-0.28872114,-1.0718387,-0.52823955,0.3422245,0.12501009,0.6193004,1.1876945,-1.432144,-1.6016716,0.78300995,-0.82642484,1.4972153,1.2322139,1.2246636,-0.417577,1.4103652,1.2018077,0.86246514,-1.4163672,-0.7135169,-1.1865627,-0.3177087,-1.2972172,-0.699694,-0.2683097,0.948561,-0.42074463,-1.5122426,-1.2418425,-1.4960164,-0.58363837,-0.6099878,-0.9553166,0.85232234,-0.80109894,-0.75904375,-0.8966671,0.51486343,0.6406727,-1.431734,-0.37076738,0.006277851,1.2965425,-0.2242903,-0.5034192,1.1109208,1.2810757,-0.7969341,-0.41824195,0.56981057,-0.54206324,-1.4504209,-1.4526831,-0.591977,-0.11572334,0.7441745,-0.33039764,0.6208826,-0.782285,0.5686659,-1.7591972,1.540408,-1.0325406,1.21095,0.9747889,0.64963883,-1.0990609,-0.055339493,-1.2537931,1.1529971,1.3608468,1.222621,-1.3392991,1.412142,-0.124807514,-0.49604365,0.30774575,1.2947371,-1.0831856,0.750626,1.2238635,-1.1814809,-1.1744391,-1.0199009,-1.0685174,0.043657392,1.448898
21,0.2881744,0.30239528,0.0,1.0,1.1670119,0.38412666,0.17827228,1.0,1.0,0.4796604,-0.8590175,-0.7480091,0.3919893,0.7984833,-1.6187886,-1.6524702,1.324532,0.66527283,1.4169377,-0.27109283,-1.1502514,1.227521,1.2402093,-0.837587,0.6670621,-1.2919878,1.0715979,0.29625773,1.5647082,0.0025842302,0.5514997,1.6157662,-1.3907515,-0.031017827,-0.5937254,-0.31727037,1.5919949,1.0425102,1.3464118,0.44846323,-1.371945,-0.77124566,-0.7190535,-1.0517851,-0.34159958,1.4650742,-0.7342895,-0.28241655,-1.3798538,0.7390465,0.9107726,-1.1241891,0.46152252,0.55482775,1.5027344,0.36485532,0.7287579,-1.2011588,-0.14081451,-0.019408304,0.88074034,-0.17381325,-0.66830504,0.45548353,-0.045610894,-1.0947161,0.14829983,1.3569798,-0.22199471,0.16448167,0.06586419,-1.4452248,0.5781436,1.4929768,0.53051543,1.3116635,0.69761133,0.39879468,-0.64303166,0.343735,-0.38674873,1.7104732,0.72455937,-1.12075,-0.045587536,1.2031101,1.5604037,-0.67364794,0.7819048,1.1593379,-1.2071272,-1.2228488,-1.6821237,0.3496667,0.80898154,-1.6439135,1.0597619,1.3550326,-0.64247745,-1.6306343,0.27202517,1.0229667
22,0.4452087,0.85377014,1.0,0.0,1.4881816,1.2941422,-0.86859876,0.0,1.0,-0.3191925,-0.7754261,-1.670233,0.47453812,0.5374619,1.8262714,0.13416363,-0.18365146,0.004276264,1.3564062,1.2565243,-0.3779504,0.77630764,-0.8982945,-0.08563136,-0.22045642,1.2359967,1.4637054,0.9734512,1.2610995,0.4360832,0.119699575,1.1966295,-0.26558265,0.22248347,-0.9231201,-0.26223272,0.8635316,-0.96260434,-0.34744707,-0.3093259,-1.2083328,-0.99906164,0.839234,0.49144208,0.6780413,-1.1028484,-0.7757609,-1.370034,1.351196,-0.14407076,-1.0650467,1.1542947,1.1832476,-1.103507,-0.17143562,-0.6697092,1.5968322,0.49045098,1.2838408,0.7924252,-0.19317722,-0.40245652,0.066527255,0.21827148,0.5427861,-0.3267117,-0.6959288,1.6050471,0.7048291,-1.0768608,-1.4072007,-0.49942398,-0.21782035,-1.0388889,-1.2839055,-0.8641271,1.6495796,-0.9640482,1.5950135,1.1888139,-0.42066237,-0.78715247,0.047025047,0.9478683,1.3293186,-1.2171581,-0.8717035,0.22499244,0.20319554,0.7224202,1.5395113,0.3704499,-1.6043277,0.5928419,-0.42819485,-0.9079007,0.57918334,-0.45312008,1.5421976,-1.0960525,-0.7952098,-0.32598662
23,-1.3511572,-1.181836,1.0,0.0,-1.7548786,0.3165515,-1.330364,1.0,1.0,1.7573417,-0.8433513,0.13199785,-1.3739977,0.8470536,-1.1724621,-0.9802361,1.693708,-1.0988693,1.4970205,0.9487699,0.59832966,-1.678597,-0.8261374,-1.066948,0.16799977,-0.31338185,0.7960778,0.42153218,0.928045,-1.6521614,-1.7491546,1.5834352,-0.1853109,-0.09307161,-1.4145147,0.60610753,1.7050408,0.9928306,0.55150235,0.3609302,-0.5445969,1.1823157,-1.4039819,-0.9186567,1.4942569,-1.2720783,-1.4340093,-0.032482974,-0.1807852,-0.28884542,-0.9292228,-1.1767887,-1.3456799,-0.39227256,-0.20221199,-0.87832314,1.2559935,-0.56437093,0.824814,-0.08184287,-0.5356507,0.8383407,0.5750183,-0.04849802,0.63300854,-1.3994875,1.7275143,-0.6376309,-0.0029972226,0.5440229,0.6728886,1.1402664,0.007118997,0.15644746,-0.8063056,0.7716571,-0.54950666,0.8141908,1.316596,-1.0112243,1.5543174,-1.167006,0.40012336,-1.0322524,-0.6108787,0.6294669,0.6623951,-1.4455023,0.8604923,-0.9320831,0.637931,-0.81363726,1.5032253,-0.106840305,-1.5938612,1.5395402,-1.4499581,0.9961856,0.008864967,-0.055631418,-0.5590934,1.524012
24,-1.6795999,-1.4498239,0.0,1.0,0.04488819,-1.507904,-1.2991906,0.0,1.0,1.0509386,-1.659665,0.18950658,-0.31132632,-1.5897496,-0.1795129,1.0190481,-0.058843285,0.40501806,-0.8652023,1.7422124,-0.22006401,0.30836037,-1.6057645,1.2341251,-0.48272035,-1.3366127,0.06567037,-0.58595675,-1.7001671,-0.53272194,1.2632952,-1.3891627,-0.07809325,-0.0887648,-1.4665253,1.4276223,-0.2544676,-1.022397,0.082067445,-0.4080558,1.4838973,1.0720526,-1.5290226,1.0542005,-1.0714518,1.3143003,-1.3797196,-1.4388261,-1.3158867,0.15567906,-0.11739784,-1.1711701,-0.6231646,0.44382116,-1.4812815,1.6071415,-1.4854405,1.727111,0.7632046,0.63880014,-0.15189558,-0.18079907,-0.6796395,1.301746,-0.92428595,0.41641483,0.6354589,0.010463279,0.67467666,1.4240532,0.006450937,-0.5841553,-0.067786545,-1.343955,-1.6425337,0.07694837,-0.38463107,0.057664037,1.3548064,-0.6670521,-0.38339168,-0.56746066,0.047533035,-0.9614365,-1.0002879,0.16295187,1.0004982,1.4536061,0.36614287,1.0428236,-0.7330597,-1.0572162,-1.3448777,0.57719475,1.2681353,1.2535375,-0.20171286,-1.302783,-1.4094627,-1.3784552,0.7539472,-0.64510953
25,1.4933075,1.3352312,1.0,1.0,0.4981531,1.4891354,1.3251303,1.0,1.0,-1.6689713,0.5211581,1.3114507,0.9916546,-0.078383505,-1.5444822,0.6966319,-1.3888679,1.174276,0.7681804,-1.2180743,-0.6104464,1.4456211,-1.6536264,-0.7271094,-1.419295,0.10591448,1.7043467,-0.44757643,0.35459483,-1.4667634,1.4593147,0.3120506,0.43767032,-0.61712927,1.0930407,-0.05843688,-0.11191916,0.8474699,0.17550698,0.32237643,1.2684535,0.5422019,1.1556537,1.3833792,1.016645,1.4915662,-1.1142217,-0.8782666,-0.8288061,-0.14843675,1.3971417,-0.77552617,1.0485584,-0.34724757,1.4492182,0.020151747,-0.5987041,0.9888363,-0.67515445,-0.7936814,0.8944271,-1.4985164,-0.06548245,0.23848824,0.9998097,-1.2698668,-0.07868574,-0.8992824,1.5016176,0.22862038,-0.15279198,-1.3182846,0.60571545,0.23060858,0.81369615,1.3136184,0.625077,0.53493094,0.06498622,-0.4656061,0.9043037,1.4408673,-1.3599318,-0.5951445,0.8447825,1.320724,0.8285197,-0.72225875,-0.5483454,0.05955037,-1.7654431,-0.14869788,0.65799713,0.34902495,0.06271364,-0.7657908,0.28181475,0.016798558,-1.0936488,-0.0755985,-1.2407833,-1.2247524
26,-0.16000484,-0.067102134,0.0,0.0,-0.051473267,-0.90955293,0.09803834,0.0,0.0,-0.22048146,-1.4752933,0.48070136,-0.19121405,1.4976175,-0.4740756,0.29258218,-0.24464095,0.5805478,-0.5987006,-1.3048469,1.5379043,-1.5591403,-1.1455628,0.13336295,-0.34827912,-1.3953208,-0.8528351,-1.6628356,-0.5227049,1.0607182,0.59692156,1.3501515,-1.4546996,-0.26973698,0.6990378,-1.559474,-0.28154606,1.0963571,1.3068552,-0.5936501,0.51438713,-0.98959213,1.4678997,-0.75530624,1.0873635,1.0766734,-1.0638458,1.0307226,0.8590599,1.2392215,1.2707912,1.5505487,0.6548845,1.3310539,-0.3910058,0.96353227,0.80022585,-0.5961674,0.0061830557,1.097621,-0.24748217,-1.0611849,-0.73601663,1.65326,1.2420936,-1.2773354,-1.0889033,0.23877198,-0.43231732,-0.9965687,1.5797733,-0.60339725,-0.484302,1.316707,1.5177921,-0.301138,0.4142373,1.5265867,0.050237853,-0.23070627,-0.3936538,-0.57823896,-0.34436283,0.47006547,1.4948341,-0.6176785,-1.3191721,0.840142,-0.32882014,0.9548252,0.7945784,1.5614558,0.5345545,-1.1201489,0.2760041,0.367849,1.0803915,-0.8758725,0.81230026,-0.24004953,-0.41193718,0.41320798
27,0.8274478,0.97358584,1.0,0.0,-0.7953535,-1.4520338,1.4222803,1.0,1.0,-1.1896386,0.34764147,0.097430736,0.5636329,-1.4190571,-1.1571858,-0.82818604,-0.7094181,0.15561204,0.04185203,1.0530698,-1.2809309,0.8091223,0.6141799,-0.654995,-1.3873122,1.3597475,1.4896433,0.6098773,-1.2468966,1.4721949,0.10120276,1.326351,-1.4740506,1.1334009,-1.5562968,0.6625979,0.2998144,-0.6607844,-0.7395122,1.1069463,-0.33562526,-1.5544261,1.590141,0.9204762,-0.70327973,0.005501018,1.3163623,-0.9076986,-1.4907422,-0.9986008,-1.0105621,-0.2464763,-1.4403261,-1.660462,1.5127263,-0.7875169,0.58367395,-1.5915093,-0.24187388,-0.054837238,-0.36514306,1.6410191,-1.5741104,1.2037684,-1.6901028,-0.1347981,1.5365633,-1.1204554,-1.7364638,-0.68584436,-1.5484031,0.6880403,0.027088614,0.3739155,1.4814973,1.0423322,-1.0853938,1.0332339,-0.85219824,-0.60098886,-0.18129426,1.4359304,0.1608849,-1.1461834,-0.81510353,1.3913319,0.31806067,0.7710019,-1.4059713,-1.4037808,-0.7327797,0.20576899,0.8796485,1.6574212,0.7994017,1.5371295,-0.9833078,-0.7890976,0.9127434,-0.09066554,-0.83546937,0.34745368
28,0.9383729,0.7166702,0.0,1.0,1.6061122,-0.73752004,1.0762141,0.0,0.0,0.55916524,0.12398724,-0.7558989,-0.12364145,-1.2942765,0.031709988,1.0805707,0.45341223,-0.7634601,0.31586337,-1.0245998,-0.73598737,1.4904081,0.08234186,-1.0563463,-1.6952674,0.11114476,-0.04322886,0.3675587,-0.5838688,-1.3735515,-1.039705,-0.89735126,-1.0106074,-0.50492245,1.1363087,1.6634424,0.6975226,-1.0204699,1.0868514,0.79787594,0.09510042,1.5640143,-1.631943,0.19059429,-0.04244392,-0.523753,0.71026367,-0.9680564,-1.0141686,1.1937821,0.3115583,1.7392406,-0.53220946,0.4698764,-0.56024337,-0.85555524,1.2250428,0.5071436,-0.8773161,-0.72200376,1.4517784,1.0229663,0.60648257,-1.6011624,-1.0981606,-0.7394514,-0.39628422,1.0286486,0.77223057,1.5191733,0.44965366,-1.174315,0.90400857,1.3899289,0.87816525,-0.48196927,1.4357376,1.0649729,0.87790596,0.022879839,-1.5234724,1.5773679,-0.77900124,-0.3004798,1.3227788,-0.4398118,1.175551,0.38971016,-0.8807047,1.0245373,-0.5465511,1.4109522,0.75963473,0.09608928,0.7346068,1.0225353,-0.080437616,-1.1765622,-0.5252038,-0.11374938,-1.4259233,1.5490332
29,1.4118972,0.48108724,1.0,0.0,-0.71577615,0.69498354,1.582357,0.0,1.0,0.12308563,-0.907691,1.3520551,1.6210299,-0.476688,1.1078076,-1.2136475,-1.3614304,1.1358485,-0.81922406,-1.5624827,0.88707757,0.28952122,-0.25356406,0.75873387,1.4317554,0.512346,0.9670112,1.1936203,-0.40160906,-1.3356011,0.5946155,-1.4386563,-1.0302079,0.41507116,0.28707787,1.1031879,-0.6899654,-0.8646392,1.0981771,-0.8009762,-1.0583055,-1.0455053,-1.2291864,-1.0861453,0.649167,1.3005234,0.40933174,-1.4160601,-0.07810431,-0.2631742,-0.8464387,-0.122131474,-1.1819899,1.7454016,1.2430623,1.1997235,0.16938159,-0.64750606,-1.5933019,-1.0794096,0.9717381,-1.0173455,1.5847424,0.053187452,-1.3397129,0.3359424,0.24666733,-0.012665751,0.7410226,-1.0999188,1.119938,-0.98669136,-1.4961574,0.7778244,0.07321808,1.0156212,0.15726893,-0.4722112,1.0744929,0.36142942,-0.95514107,-0.7921298,0.32563555,-0.59423965,0.37780237,1.0342764,-0.00027309297,0.6856371,-1.3905729,-0.22278543,0.20473391,0.6423867,1.1000352,-0.8127962,0.41690686,-0.7464416,0.17593217,-1.0129597,-0.797811,0.046011064,0.7610324,-1.1647161
30,0.8213105,0.7845602,1.0,1.0,1.4168808,-1.1767312,0.7006652,0.0,1.0,-1.430202,1.497091,0.37507644,0.09543471,0.34544232,-1.6193067,-0.2810744,1.3603876,-1.0312756,0.3767967,1.2406653,1.6004348,-1.415143,1.0103813,1.6336579,-1.2626231,0.55516666,1.5349185,0.2569555,-0.9187994,-1.4392045,-1.1591482,0.2896783,1.0031966,-0.12410688,-1.424885,-0.6730016,1.2546434,-1.0270369,0.9233589,0.64756835,1.3462887,-0.0936411,-1.440795,-1.6862048,1.0758063,-0.7240902,-0.49506673,1.0279602,1.1824508,-1.2519284,0.87225837,0.6440124,0.6506532,1.2772714,-0.97230107,0.85508573,-1.2413489,1.4123586,-0.96201515,-1.460518,-1.3824843,0.211171,-1.5480816,-0.39058578,0.8592896,0.5751184,-1.1802511,1.5098894,0.41354915,0.916643,1.0394177,0.1627172,-1.7115029,0.2626392,-0.6477329,-1.7997614,-0.9399651,-1.4515351,0.4201454,-0.07687946,-1.3286691,0.02539129,0.10184228,1.0683154,-0.41413078,-1.1796058,-0.3641507,1.7052995,-0.01529715,-0.9721485,-1.4799765,0.39695498,1.2488848,1.5067233,-1.3790565,-1.0635109,0.14526556,1.0961179,0.6710537,0.1443627,1.3717881,0.64361113
31,0.7878661,1.8803864,1.0,0.0,-0.054790363,1.2966021,0.31549957,1.0,0.0,-0.88604164,-1.5030422,0.23223953,0.06844213,-1.0882877,-0.22279957,-0.73771375,-1.5972713,0.2324441,0.6083483,1.4026664,-0.43592024,1.0203638,1.0979391,-0.24306335,-0.92209387,0.5020468,-1.2744637,-0.8499968,-1.0085307,1.1218848,1.150591,-0.97405154,-0.5968085,0.27413458,0.983147,-0.074790895,-1.4274014,0.71057856,-0.8450113,0.675091,1.4979466,-0.4176087,0.17435065,0.1329758,-0.15607123,0.4977174,0.46300206,-0.8928006,-0.5735001,-0.88103175,1.2031223,1.352819,-0.5345949,0.2670605,1.0010897,-0.34796652,0.8119871,-1.0774328,0.6810037,-0.7479873,1.0081412,0.7663965,1.5511447,-0.7690121,-1.3889141,-1.4507998,-0.22304934,-1.1155161,0.39693826,0.5904503,1.4090617,-1.5124214,0.201181,0.1692226,1.264313,1.2831774,0.06613112,-1.7177136,-0.5132563,-0.9798896,1.8322837,1.0838989,1.3198888,-1.5476382,1.7791499,1.7416657,-0.81494,0.68058753,1.7747253,1.5406697,-1.0388253,0.25817534,-0.6569859,0.9974027,0.72541803,-1.1486033,0.41457114,1.5693402,-0.17515859,1.2618573,1.4470235,1.361685
32,1.2732795,0.08422974,1.0,0.0,0.67694414,-0.8593388,1.1241173,1.0,1.0,-1.039633,-0.5874195,1.5608813,0.1537159,-1.1945136,-0.9068342,-0.68020666,-0.66801053,1.3856382,-0.25249892,1.7328441,1.7513598,1.0293789,0.9114064,1.2442573,-1.3221684,-0.3854556,-0.4257326,0.3973393,-1.3027276,1.4057456,0.8146893,-0.17959069,-0.6759558,0.016192473,0.42579174,-0.38870537,-0.8472273,0.8678731,1.5400895,-0.6860545,0.6217283,-1.440092,-0.8360317,-1.7521441,-0.89174217,1.105882,-1.695095,0.9078801,1.089145,-1.2706634,-1.1450427,-0.9664028,-1.1771102,0.21623264,0.6883682,1.090799,-0.24315213,1.4983755,0.57381564,-0.56690675,0.052323956,-1.0678177,-1.251149,0.778025,-0.13241817,-0.43525437,0.6578086,1.163369,0.08544323,-0.6705139,-0.26561692,1.674684,-1.0780394,1.0287508,0.90716565,-0.64731926,-1.5978101,0.6513846,-1.2573905,1.6045204,-0.6073303,-0.5039267,-1.7012237,1.1990361,-0.91413164,-0.14652756,0.87494427,0.72713435,0.30962408,1.560654,1.4742721,0.3902008,1.4425404,1.2672914,0.41805533,-0.73925245,-0.29335156,0.33069372,-0.0740974,0.9106735,0.05741619,-1.6365254
33,-0.61134005,-1.017736,1.0,1.0,0.6219197,-0.07734765,-1.0137336,0.0,1.0,0.39321244,-1.7849749,-0.593103,-1.1645452,-0.80557394,-0.11833567,0.7347187,0.49554104,1.4288723,-0.2926866,-0.98849213,-0.11765744,-0.17594299,-1.2000127,1.3136954,-0.16196087,0.38295528,-1.3155321,-1.224154,-0.0037232332,-1.2770411,0.86848027,0.5260415,1.3281848,0.07768104,0.04428976,0.80202025,1.2969924,1.0770335,-0.8201734,0.848426,-0.36746228,-0.14208157,1.664879,0.6879182,0.7571393,1.025256,0.25753623,0.16041417,-0.8325934,0.07562898,0.36437565,0.34621096,0.85777956,-0.13207537,0.19164908,-0.49001136,-0.7744753,0.80362165,-0.4456936,0.7825355,-0.81125796,-1.1707436,0.11879113,-1.7879997,-0.035786666,1.2417167,-0.86264956,-1.1810915,0.9401067,-0.5982497,-1.6423165,0.3386741,0.58451205,0.29621366,1.0508678,-0.20360461,0.71367353,-1.6102407,1.1447186,-0.8304593,1.2808808,-1.4674958,-1.4891301,1.3538395,1.4665877,0.47687167,-0.5722024,-0.34340763,-0.9699198,-0.87044984,-1.0936649,-1.6592487,0.821014,0.5076738,-0.2817226,-0.2494625,-1.6938239,1.69874,-0.022354959,-1.6470572,1.3420103,0.18678847
34,0.9371182,0.83596665,0.0,1.0,1.2018169,-0.7536967,1.2749884,0.0,1.0,-0.09535899,-1.4172225,-0.6229826,-0.08473804,1.2395577,-0.96388423,0.6158795,-0.577183,-0.49427378,-1.3350081,-0.698345,-0.10645053,-0.2588046,1.3473002,-1.3853488,-1.0868025,0.033805836,-0.32393116,0.018927671,1.0223731,-0.720763,-0.7168183,-1.3334355,-0.22430244,0.54275095,1.4453638,-1.1644089,0.27972108,-1.3492892,0.08711449,-0.6135425,1.6301523,-1.5179929,1.2571895,-0.42359614,1.7357345,-1.588642,-1.7034434,1.5735489,-1.6161861,-1.4886857,1.3319695,1.6785212,-0.4312592,1.6597204,1.604403,-0.12520882,0.0031241935,-0.39415357,1.209763,0.2656093,0.78435445,-0.22078933,-1.0388515,-1.6260911,1.100808,-1.3309463,-0.1337313,1.1187168,-1.5860713,-1.1345152,0.08609694,-1.3362967,-0.91708434,0.2254277,1.55171,0.68314034,0.47530785,-0.0627638,-0.30314505,-1.7172265,-0.945661,0.5842949,-0.1840497,1.0157039,-0.5280428,-0.11428216,-1.3611202,0.883787,0.9054118,-0.23976818,0.1758883,-0.7142322,-0.8592082,-0.14971313,-1.0098351,-1.2808622,-0.28911865,0.7216298,-1.5472263,0.302205,1.0433125,0.9457085
35,-0.8164571,-0.6966157,1.0,1.0,-1.5559325,-0.032543045,-0.22863881,1.0,1.0,-0.11693517,-0.7026949,-1.5677631,-0.73192555,0.7176233,0.965711,0.85661995,-0.9863058,-0.68574804,0.25420228,1.2912539,0.19605401,-1.664174,0.44677365,-1.127981,-1.6401889,-1.441516,0.8479742,-0.90267503,-0.37591136,-0.88164544,0.15549569,1.7257527,0.22384259,0.5514832,1.2668777,-1.6743788,0.36511678,1.4676982,-1.618112,-0.04600793,1.2238635,-1.4197932,-1.4654086,-1.076654,-1.171535,-0.9970527,-0.5478028,-0.05621682,0.5992159,-1.1108488,-0.30049965,1.6149926,-1.0791162,-1.3567472,-1.0217662,1.462416,1.3566413,0.010378524,1.5266157,-1.4249136,0.6292833,0.024962738,0.63697815,-0.576723,1.6521456,-0.4465736,0.9481323,-1.2873747,1.6219637,-0.19561712,-1.032356,0.9757173,-0.93887347,-0.89562875,-0.45126966,-0.2348114,0.17316169,0.6467752,-0.4848955,1.2570051,0.30618274,1.0554384,-1.3530679,0.7222276,0.18372448,-1.0949948,1.2127271,-0.25355232,0.26404566,-1.3287615,1.473281,-1.0868748,-1.7144152,-0.19255781,-0.24576665,0.527515,1.1072154,0.9668966,-0.6245792,-1.52081,0.3505753,1.460712
36,1.3299941,1.8330327,1.0,0.0,-0.297464,1.5331475,1.0626235,1.0,1.0,1.5818104,-1.539963,-1.4971267,-1.6366775,1.4746531,0.49420816,0.68073595,-1.1260463,1.4010437,-1.2218479,-0.27903587,-1.3997729,1.238104,-1.0421163,0.9961153,-0.120370954,-0.90362406,0.79772997,1.4711328,0.15406217,-0.48164514,-1.0499742,-1.0372543,-0.94609225,1.030366,-0.9067894,1.3036612,-1.2957616,0.4870939,-0.41137013,-0.3739076,-1.5865736,0.65594435,1.5911965,-1.4452423,1.5819484,-1.6417255,-0.11279028,0.6045007,-1.2027001,-0.5185491,-1.0936464,0.5921912,-1.4131368,-0.83009285,-0.54241055,-0.037593797,0.10582028,1.7366791,-0.16386908,-1.2309872,-0.1328791,1.3339881,0.4625837,-1.5406183,1.1543092,-1.3970323,-1.2798916,0.36339423,-1.2262084,-0.21714479,-0.53512686,-1.6415095,1.378825,1.3772953,0.281904,-1.5559298,-0.8805047,0.089870125,0.67780924,-1.6325829,0.78507733,0.3998868,0.18696345,-0.46812463,-1.1194087,0.10787778,-0.8925455,-1.0242468,-1.6173246,0.43436217,0.77495724,-0.26839074,0.2719057,0.14356357,0.61806816,-1.5711763,-0.97624314,-0.7952973,0.9208138,-1.5423832,1.1481855,-0.91658765
37,-0.3550998,0.10875177,0.0,1.0,-0.056935247,0.45235,-0.06275062,0.0,1.0,-0.97309804,0.9264788,-1.5335711,1.677711,-0.8775977,1.7821653,1.305197,0.22658227,-1.4555122,-1.719369,-1.1336789,-1.2616351,0.47196567,-1.1803223,1.1780287,0.9852412,0.83115846,-1.5596784,-1.4498333,1.0394971,0.826427,0.10805511,-1.0850656,1.1074381,0.44623676,0.6135246,0.19166952,-0.6395925,1.5505629,-1.2127706,-0.31495357,0.2341085,-0.056865197,-1.5805455,1.4871976,0.44983503,0.65018636,1.1781628,1.0246778,-0.075570755,1.1382791,1.4790395,0.11570547,0.84387636,-0.16900001,0.89847004,-0.6926654,1.6457621,-0.09052888,-1.4750148,-1.2198513,0.3311021,1.7500504,-0.6252097,0.78046906,-0.14444862,0.0056465454,0.029522436,-0.34881777,0.27354577,-1.6400032,-1.1988215,0.9964808,1.0656787,-0.14772749,-1.2211411,0.24827527,-1.7117124,1.371155,-1.5136433,-0.59112835,1.3578286,1.3187546,-1.2979952,-0.07279766,-1.0704957,-0.8121565,1.2058419,-0.53314507,1.1613837,0.04032992,-0.7389856,0.090613894,-1.0163076,-1.4214866,-0.8890855,-0.58534855,-0.18628408,0.98211527,1.2924398,-0.030279944,0.58078057,1.3812622
38,-0.26215953,0.31801698,0.0,1.0,1.2647606,0.4112883,-0.57579565,1.0,0.0,-0.10843399,1.0583249,1.506066,0.5285481,-0.81906885,-0.67371154,-0.8542182,-1.1954743,0.40561557,1.486031,0.9911921,-0.5681436,1.5996983,0.1611305,-1.2680119,1.4215128,-0.5194504,1.5490527,-0.55655926,-0.9165839,0.33991298,1.4345299,1.4583524,-0.26637337,-1.1376902,0.741008,0.0009929321,0.6907173,1.6049861,0.8618237,-0.7543094,-1.5494008,0.6507318,-0.9975381,0.88718027,1.7541511,0.15942888,-1.1894459,0.7885167,0.61402774,-1.4510888,1.759664,-1.2598598,-0.09191162,-0.77723473,-1.4528021,-0.8304049,1.1837225,-1.2074811,1.1123725,-0.086245716,-0.95787126,0.27092418,-1.5095378,-0.67573845,-1.6994689,1.5537386,0.5160576,-1.6595204,0.49829137,-0.10830865,-0.36408642,-0.836192,0.9123537,-0.2551599,0.47093478,-0.41994372,-1.6701419,-1.2800845,-0.5522046,-0.7506454,-1.6297193,0.783931,1.5239316,-0.1852551,-0.39980933,1.5296376,0.18099678,1.2977386,-1.2731854,-0.22230098,-1.1141412,0.9354578,0.015128521,1.7447428,0.7058334,0.6324388,0.41498587,-0.08208393,-0.26463243,0.5980975,-0.67769444,-0.98322594
39,-1.3204051,-0.7021421,0.0,0.0,0.28964248,-0.98837554,-1.522976,0.0,0.0,-0.06781705,0.082951635,0.84509474,1.3990276,0.17973982,-1.0206376,-0.091405235,-0.44527084,1.4541316,0.40817803,-0.25478157,-1.6332045,-1.3855221,0.8941465,0.58045715,1.7070998,0.1879454,-1.0189805,0.1856908,1.3892621,1.6180882,-1.5507845,-1.3111154,1.0146528,0.5694027,-0.25828692,-1.2028874,0.5874707,0.38072422,-0.08821361,-0.9475252,0.6167361,1.5323782,1.2472658,0.87096417,1.6648735,1.5648764,-1.7296997,1.1798176,0.7317642,1.4943318,1.1657699,-0.50141984,-1.0389733,-0.657496,0.7960992,-0.10557746,0.25414044,-0.3051971,-1.234338,1.2165397,-0.7043291,-1.0686673,0.16886589,0.5271769,0.17288363,1.2391946,-1.5348363,-1.0981948,-1.5060203,1.779437,-1.2610267,-1.4439025,-1.5333589,1.5936633,0.3392651,-1.6033263,-0.22411706,1.6106966,-0.7842855,-0.5030218,1.1835049,-0.22048853,0.5802984,0.31541649,0.3264069,1.2161754,1.7092197,0.32104528,0.03479319,-0.21002437,-1.0202702,-1.6812663,0.8005915,1.4721574,1.347057,0.6902781,-0.97362995,-0.40273663,-1.5267133,0.35235626,-0.9544302,-1.1363468
40,-0.16769351,-0.45980528,0.0,0.0,-1.5828034,1.2380298,0.28711757,1.0,1.0,-1.2453258,-1.38684,-1.0949323,0.92109233,1.5167207,1.1063924,-1.4376446,0.9314666,-1.0822082,0.288633,0.06155465,-0.3499431,0.5425028,-0.9761651,-0.13109371,0.1174647,0.3976949,1.3694425,-1.1437396,-0.06388456,0.19141506,0.6644449,-0.94725573,-0.1857613,0.9656615,-0.09518382,-1.428456,-1.3018374,-1.4361163,0.48544258,-0.7180043,0.13405044,-0.97391987,-0.33665326,0.8220521,0.6571345,1.6493535,0.5807077,0.3799751,-0.9741842,1.1330544,-0.43011686,-0.37602428,-1.1316845,1.3934913,0.94386506,-0.96864426,1.0792278,-1.3045386,1.4669079,0.74673367,0.45173153,1.001944,-1.2000408,-0.29382768,-0.96883285,-0.6086063,-0.6296099,-0.39197338,-0.4354399,-1.4262621,-0.29073328,-0.2916295,-1.5675948,0.85679793,1.4164871,1.1248593,0.5816948,1.2260542,-0.56518966,1.4170874,0.54438967,1.5088427,0.19924988,0.834693,-1.2214777,-0.5690073,1.3812194,1.4298712,0.76451004,-0.96912354,1.4197547,0.53891385,1.4550662,0.6558026,-1.2559148,1.2001568,0.7530776,0.24804197,-0.104296,1.322081,-1.3762765,-0.8048747
41,0.9388833,0.91384965,0.0,0.0,0.62499934,-0.3457243,1.0238692,0.0,1.0,-1.6223255,1.2656898,1.4667288,1.3325027,-0.6600474,1.2676672,-1.6063663,1.3153573,-1.6821102,0.7985406,-0.9660756,-0.17302458,-0.8550079,0.63076717,0.8675257,-0.011661885,1.4070456,0.9226858,-0.53668183,0.7199184,0.23802994,-0.17269675,1.150156,0.13161217,-1.4358655,1.428396,-1.6076391,0.38799492,0.260967,-0.93340015,1.760103,-0.319959,1.1113647,0.8062505,-0.65461737,1.4810342,0.5902498,1.6188735,-0.41246846,-1.3634365,-0.16366465,1.1256313,0.52934086,1.5259786,-1.536289,-0.7340811,1.523616,1.4824439,1.4332393,-1.6801991,1.4727867,1.5051161,-0.16566,-0.60925406,-1.00107,0.69794554,1.2823845,1.0010542,-1.1888422,-1.0476924,-1.609163,-0.029849544,0.5130873,-0.076781355,1.4013472,-1.0493577,-0.27646372,1.3069779,-0.50827044,-0.40035465,-0.70898616,-0.79721224,-0.57051957,0.655745,-0.5106155,1.5475866,1.5184022,0.35488957,0.76171094,1.0368062,-1.2476841,-0.32804093,0.2934265,1.6642696,0.4557014,0.70605457,1.4493859,0.6163849,-0.13622992,-0.39702532,0.93226933,-1.469334,-0.67378575
42,0.37419063,0.15174128,0.0,0.0,-1.7356462,1.1890128,1.0627295,0.0,0.0,1.5325862,-1.1360776,0.40025604,0.25040108,-0.38970208,0.77537006,0.51999533,0.15668647,-0.64626694,1.0998379,-1.3231329,-1.7408712,0.34227902,-1.3872075,-0.8852565,0.8808355,1.3697104,0.60387677,0.1267967,1.3457088,0.1489425,0.77629,-1.5010016,-0.008755559,-0.46967486,-1.1093464,0.14914238,-0.7653748,0.49220544,-1.019831,0.8029928,-0.7100337,0.52754104,1.6899946,0.79371434,-0.7568517,1.2495508,-0.69864905,-1.1861559,-1.12519,-0.85179657,-0.40196824,1.2529546,-1.2426813,1.0214752,-1.4600586,-0.575003,0.68438864,-0.20444453,1.0266,-1.4013081,-0.24859272,0.035145406,-1.0392216,-1.1581646,-1.4593291,-1.5436006,-0.72849196,0.3915207,1.370428,-0.6969514,1.3972166,1.2911029,0.9537706,1.4357551,0.85016775,-1.7681887,-0.54153436,1.1434543,0.36548826,-0.5836129,-0.24220215,0.6969633,-0.4223575,-0.94798046,-0.046321575,-0.21492477,0.8888365,1.0148724,-0.45667195,1.1722152,-1.6402067,1.0079211,0.65573883,-0.5912923,0.40565777,-0.34882587,-0.29067376,0.19632287,0.39135414,0.78708196,0.5376382,0.19409654
43,-0.19168265,0.0025175754,1.0,1.0,-0.007293941,-1.6613996,0.2269519,1.0,1.0,1.3437387,-1.3252958,1.3789587,0.30618027,-0.7590261,0.45212972,-0.17948835,-0.6697099,-0.6414549,1.4016199,-0.76262236,1.1476629,-1.3065722,0.0030284463,-0.33865297,-1.2115319,0.008811772,-0.3861167,-0.5976401,-1.0653732,-0.44497326,1.1971483,0.25589868,-0.5497912,-1.5504304,-0.16080956,1.5830867,-0.96803725,0.42794073,1.4232491,-1.5718066,1.3334292,1.3954598,-1.3506454,-1.0385646,-0.112737745,0.9953373,0.1934102,-0.5864673,-0.8764988,-0.6691307,0.7992581,-1.5758349,-1.8225669,-1.1096963,-1.7601391,-0.13059668,-1.4059337,0.3794977,-0.5963298,0.9678552,1.0665524,-0.29405448,-0.591804,1.2724975,-0.23045592,0.03245438,0.046611317,0.52170503,0.75383615,-0.8168842,-1.0965046,-0.7126871,-0.1446253,-0.985682,-0.8852168,1.1231505,-0.16054678,0.37220272,-1.4647465,0.4284399,-0.8407025,-0.99805105,0.36858925,-0.52402896,-0.0155697875,-0.6340846,1.0381166,-1.4113758,1.5617802,-1.2147124,1.6594082,-1.2154675,-0.2589834,0.25615326,0.664365,0.41748852,0.08943619,-1.2475119,-1.3282431,0.76746243,-0.59586316,1.0973167
44,-1.0587401,-1.2259715,0.0,0.0,-0.6230613,1.4664217,-1.3696378,0.0,0.0,0.9954731,1.0215417,1.0660906,-1.3062681,1.4517545,-0.38236764,1.6870191,-0.3088228,-0.9641955,-0.4760912,1.446056,-0.171072,-0.3806905,1.1485728,-1.5115745,0.39485374,-1.3077286,-0.043478303,0.27013603,1.1964773,1.1717694,-0.47078928,0.9836216,1.3287936,-1.4054377,-0.8647377,0.21843809,1.4715769,0.45719686,-0.143831,0.57980055,0.65875775,0.28604728,-1.3004091,-0.6091032,-0.51804364,-1.5698173,-1.4621965,-0.17787127,-0.866989,-1.5556024,0.8969702,1.1094517,-0.18692845,-0.91983014,0.5108941,-0.045123138,0.09442963,-0.08976661,1.0346177,1.7039583,-1.197575,-0.95896333,1.3541827,0.881755,1.3020955,0.58092576,0.82465434,-1.2753415,0.57278085,-0.65874785,0.8245182,1.4493257,-0.98695636,0.039227154,-0.439101,1.4449277,1.3249493,-0.86646503,-0.677037,1.2678983,-1.3534999,0.7679092,0.04656748,-0.80783534,0.9255751,-0.7784665,-0.6474052,-0.5001297,-1.1951624,-1.2502036,0.8811529,1.616415,-0.36314774,-1.0796039,-0.6249814,0.09052035,1.0242186,-0.6138777,-0.33731073,-0.914854,0.35805163,-0.41837984
45,-0.89634186,-1.3070908,1.0,0.0,-0.122356266,-0.21660413,-1.4094169,0.0,0.0,-0.43539676,-1.1654392,-1.6414615,-0.26854578,-0.22517836,0.42330533,-0.5832436,0.72719836,-0.6704725,-0.9371752,-0.097774975,0.7341578,-1.3228506,-0.20675154,1.2505001,-0.99792945,-1.3489763,0.4762367,-0.23504429,0.18820427,-0.71310204,-1.5081049,-0.7412979,0.59970945,0.6527304,1.1868784,-0.031463563,-1.4788823,0.39356685,0.31439582,-0.26610503,1.2996387,0.91691506,0.17404373,1.197964,-0.39941934,-0.92496043,0.263323,-1.264557,1.1980106,0.5462524,0.04294955,1.683456,-0.83110297,1.3908699,-0.9975549,1.5608156,-1.3129692,0.8094722,-1.529186,-0.4763839,0.18858896,-0.12776646,0.023670707,-1.8069493,0.7674249,0.39614162,1.7984413,-0.18279544,-1.2157797,-1.2070367,-0.1688788,-1.4945366,-0.5791913,-0.75404996,-0.413046,-0.31292433,-0.4030703,-1.2415768,-0.5214039,-0.70598435,1.2456731,0.9997378,0.18086231,1.4877595,-1.1008568,-1.1103144,-1.5849962,-0.57483315,0.14951284,0.89349127,1.1346471,0.5568439,-1.3324901,0.3914979,0.08459147,-0.56122017,-1.0092756,-1.4977522,-1.2820191,-0.9058745,-0.39610246,1.6851484
46,-0.07771937,0.7754289,1.0,1.0,-1.3292583,-1.2532798,0.91012603,0.0,1.0,0.1479311,1.4111307,-0.39535096,-0.09267898,-0.6703565,-1.016378,1.520465,-0.31366056,0.86218035,-0.5324677,-0.97964334,0.88613963,-0.02841719,-0.7825702,-0.5348813,1.2389568,-0.7485525,-1.1037881,1.1547012,1.346718,-0.25858733,-0.9251762,-0.57172614,-0.97142535,1.1590723,-0.82518286,-0.21513565,-1.7278433,1.4198376,-0.5012401,-0.0163084,-0.711539,0.28283757,-0.22665054,-1.7606049,-0.98430246,-0.93666756,0.5293479,-0.5655493,1.4729395,-1.038316,-1.1017442,1.6276408,-0.35427,1.5769212,1.5735831,0.97528136,-0.67052805,-0.4693126,0.65275216,-0.2335772,0.031680666,-1.2926487,-0.54228103,1.2330316,-1.4976442,0.49615684,0.7696461,0.7611306,-0.9932849,1.7114292,-0.47230282,1.0976315,1.1433532,1.312185,-0.7000718,0.9492057,0.43168312,-1.3256606,0.68937385,-1.1368462,1.1918842,0.7765548,0.8366314,-1.3475994,-1.4016161,-1.3390946,-1.1650497,0.6317052,-0.6373493,0.4648592,-1.228291,-0.10708398,-0.21754697,-1.0825493,0.7280792,-1.1071137,-1.5378908,-1.5811926,1.4669511,-1.3328872,-1.2010968,0.38045925
47,0.6588101,0.59192747,1.0,1.0,1.5381721,0.79811764,-0.06557109,1.0,1.0,1.5741981,1.6541154,-1.1738011,0.80225533,0.708182,-0.5512763,1.3212423,-1.021341,-0.84933096,-1.4512602,1.4524801,-0.10831187,1.1626498,1.2192736,-0.4582102,-0.9037034,-0.009368594,-0.60803264,0.8567905,-1.3693745,-0.28099328,-0.8588459,1.4470333,0.554419,0.52074367,0.38605106,0.46946642,1.0759258,-1.5238444,0.6504712,1.222529,0.06711012,1.0040838,0.7614677,-0.18655857,-0.29864806,0.47520038,1.3585371,0.0797828,-1.2483933,-1.1858366,-1.1509577,-1.3066669,-1.5490333,-0.15640444,1.555428,-1.5915977,1.3582499,1.1872326,-1.2777827,-1.1293117,0.053687572,0.93160164,1.5397793,-1.7790887,0.20171957,0.615786,1.7336167,-0.9537301,-0.43746045,-0.15533453,-0.14916082,0.28239518,0.7412829,-0.6737741,-0.73012584,0.0142481625,-0.12621707,-0.24852535,-0.39441824,1.1390923,-1.4959319,-1.1315342,-1.5918186,0.3250834,0.12174396,0.41730914,-0.3884304,0.4481151,-0.23194546,-1.099756,1.5340774,1.23413,1.3234856,1.3079475,0.70225155,0.12323785,0.08195096,1.0769631,-0.08836325,0.14000008,1.004463,1.2960812
48,0.17868507,-0.1055403,0.0,0.0,-0.62960345,-1.1299714,0.8652159,0.0,0.0,-0.7332709,-0.31892604,-0.12875962,-0.28395894,-1.1552896,0.6975551,1.1943853,0.67662257,0.74085474,-1.0537761,0.6224681,-0.9793522,1.5077592,-0.88690066,-1.3089628,-0.6506348,0.98253447,-0.15642948,-0.82827455,-0.14283015,-1.3531514,0.4105329,-0.19493432,1.6878912,-1.2490919,-1.2755055,0.6856234,0.015162799,0.904615,-0.21444848,-0.9733776,-1.2418653,1.5550827,-1.1635073,-0.39918476,-1.5165675,-1.07639,0.20309961,1.2782713,1.6194062,-0.091999196,0.013435636,1.5090085,-1.3506316,0.513003,-1.5825154,0.45438233,-0.123757295,1.6632053,0.68950486,0.54233027,-1.5099583,1.5497018,1.5893649,-1.6257515,-0.39074817,-0.75824165,-1.4475117,0.104783654,-1.55563,-1.0440282,-0.2555285,-1.1347646,0.4755376,-0.6722508,-0.44482443,-1.5660231,0.5392699,-1.45631,-1.257483,-0.26351637,0.83483297,-0.24499011,-1.5598217,1.6121608,-0.30760452,-1.1260159,-1.4048569,-0.53704107,1.5150924,-0.775858,0.8382364,1.2314826,1.6362364,0.101142585,0.13549086,1.7221656,-0.5007802,0.8091992,-0.74406767,1.6360966,-0.8618687,-0.4634313
49,-0.109370954,0.25763974,1.0,0.0,0.95775187,-0.89886314,-0.7601671,1.0,0.0,1.7010329,0.606938,1.4692886,1.0277991,-1.6251534,0.25110307,1.082728,-0.6475576,0.5075417,-0.62120193,0.47036406,0.7454189,-0.8680214,0.11810776,-1.3745335,0.8062521,1.5954752,1.1085242,0.42407107,0.8127008,1.1630867,0.44985554,-1.4717606,1.010765,-0.760688,1.0116351,-1.5476081,0.050404094,-1.1822422,-0.13390876,0.66989946,-1.4703482,-0.07098264,-0.4081615,1.2848624,-1.4497412,1.2450713,-0.3008194,-0.028983697,-1.4067309,1.6104316,1.5389079,0.80881536,0.65431726,1.0990307,1.3760183,1.2021464,-1.3264388,1.1653124,-1.0721363,1.7534689,-1.12156,-1.4948721,0.052884195,-0.60881567,0.2756303,-0.8277328,-0.7000904,1.2554504,0.1993731,1.0317032,-1.555761,-0.92358375,1.052979,-1.5905199,-0.9476949,-1.8063276,0.016386392,-0.71561605,0.74237597,1.3748407,-1.0367246,-0.6414693,-0.18416291,1.0288233,0.415431,-0.4981155,-0.5926648,0.83625525,-0.009853957,0.26367712,0.6975677,-0.021519635,1.6726366,-0.5994083,-0.19275959,-0.9072354,-1.6764544,0.53827435,-1.0587966,-1.2028682,1.5515044,-0.98757505
50,1.456995,0.9181895,1.0,0.0,-0.24024516,0.1323483,1.5515087,1.0,1.0,-1.3064263,0.99223787,-1.6089699,0.17999844,0.88423955,-1.5607623,1.064728,0.08627168,0.7554085,-1.2161785,0.46421802,-0.44383892,-1.2275567,-1.0863416,-0.40872175,1.140677,-1.070122,1.4744177,-0.39426506,-0.7329591,1.449883,0.04142762,0.18892908,-0.33469802,-1.6914392,-1.6302153,1.6955051,1.4515278,-1.2513647,-1.1190703,-0.7694912,1.6484684,-0.9542781,-0.83135885,0.27971774,-1.6855521,0.24266629,1.0068723,-0.6572193,-0.16623192,0.48266137,1.0669199,-1.2401247,1.3802011,0.43337756,1.2675886,-1.6705136,-1.0831604,1.022534,0.45545086,1.7550334,-1.1765858,1.4539589,0.720446,0.69259244,0.632353,-0.8938916,-1.5324543,0.3819516,-0.68049306,-0.9513919,1.6493571,1.5750036,-0.4131689,-0.4772948,1.1521597,-1.2477387,1.1767668,-0.62570995,0.6794085,0.7289187,-0.20239565,0.4851997,0.6713865,0.17514844,0.43779778,0.96934205,1.3052261,-0.16576466,0.9331436,-0.83484495,0.7762604,-0.41818705,-1.3137249,-0.33783776,1.6994091,0.7059137,1.6201845,-0.7496624,-0.94945866,0.8819533,-0.50440043,1.780287
51,-1.3281752,-1.5521832,1.0,1.0,-0.33091587,-1.7316753,-1.0431303,1.0,0.0,1.271698,0.7746627,-1.228979,-0.17638631,1.0651418,-0.22246782,1.4881097,-0.13563736,-1.5781282,0.69894063,-0.61195326,-1.1671273,1.4689298,-0.804567,1.223506,-0.9755527,0.03632456,-0.032427,0.20631604,0.92908597,0.66807455,-1.2007941,-0.7990404,0.38926232,1.3462142,-0.6220388,-0.38981414,0.29317012,-0.21895711,0.651017,-0.66260713,-1.0485187,0.5404403,-1.4737167,0.015693426,1.0930511,-0.6679332,1.4616896,-1.3698015,-1.2833594,0.3448791,0.2374776,0.49129847,0.287923,1.2437042,-0.7491134,0.61744434,-1.3203757,-0.28595147,-0.6735264,-0.50753504,-0.51184183,0.1747572,0.074997485,0.397028,-0.8602033,-0.46999386,-0.6298992,-0.29884982,-1.7178174,0.6356578,-0.8255699,0.10451034,1.2405901,0.8827566,0.07884544,-0.94969344,1.575647,0.25972745,1.5944501,0.39547342,1.3344268,1.5648664,-0.1337323,0.18393335,1.1192249,0.010281769,-1.3023907,0.9726195,-1.0557132,0.17628004,-0.7994437,1.3092155,0.6499374,0.19864225,0.15054232,-0.4304725,1.094354,-1.5791433,0.40331218,1.1993817,1.5480708,-0.6544749
52,-0.92074037,-1.2330825,1.0,1.0,-1.2046049,0.098496616,-0.56501174,0.0,1.0,1.4533571,0.09288902,-0.8787312,1.3452016,-1.2082146,0.63740987,-0.7641523,-1.6650473,-1.369539,-1.6509914,0.5208149,0.6407969,0.50334924,-1.5098904,0.6735016,0.20462374,-1.4660267,-1.2031127,-1.501211,0.24263021,-0.87164223,-1.3041091,-1.4600651,1.5615984,0.7503076,-1.1569079,0.9217503,1.1606587,-0.57041097,-0.9455563,-0.19753574,0.32780433,-1.7114397,0.92221457,-1.2470742,1.3395379,-0.117098175,0.4933312,-0.30570814,0.27429894,0.03327098,0.37342763,-1.0958742,0.46767837,1.7361814,-0.17332199,1.601254,-0.8799782,1.3639508,-0.33019543,0.01469084,0.43512172,0.74671346,0.55324185,0.61671734,-1.5726432,0.61460036,-0.67282754,-1.5410722,-0.2470931,1.0710998,-1.6677853,-0.037289537,-0.15956861,1.2384174,-1.5604819,-0.3279199,-0.96973586,1.6951004,-0.32311398,-0.1349938,0.5982893,0.8921421,-1.3286237,1.2219791,-0.4447982,1.2897348,-1.6340017,-0.30895838,-0.46229777,-1.0925019,-1.364335,1.191405,1.3099483,-1.2023383,-1.2796834,-1.0049546,1.6607611,0.46987787,0.0902077,0.5865667,-0.3519334,0.9191744
53,0.23469432,-0.6438273,1.0,1.0,1.5090585,0.47867632,-0.5096869,1.0,0.0,-1.131653,-0.30040637,1.6381034,-0.7006288,1.4477116,0.6013839,-1.667378,-0.9242535,0.014689883,-1.1513872,1.4569736,0.31103256,0.45157185,-1.1041251,0.764599,0.5377354,-0.07865648,1.1286327,0.33500516,-1.0492486,0.5743709,-0.16603816,1.5866935,0.47237018,0.7192747,0.5931003,0.86421055,-1.6730424,1.61032,-0.021555385,-0.52675104,1.2155538,-0.32623062,0.100657724,0.7419034,-0.3688467,0.70675063,0.58529764,-0.13867356,1.5864463,1.1314502,-0.4960057,0.53974205,-1.6011246,-1.0618198,-0.17310807,-1.4033004,0.88887894,0.48987448,1.0495242,0.6078632,-0.030347152,-1.310441,1.7224423,-0.07376495,-0.92503935,1.6115533,-1.0558031,-0.63285655,-1.4387189,1.0461482,1.4632046,-0.8628953,-1.2989901,0.795601,0.571472,-0.7240814,0.66276777,0.21769153,0.25164288,1.240857,1.1793388,1.1989863,-1.6746019,-1.5694723,-1.3649448,0.5147311,-1.4856808,1.07937,1.2991557,0.2652286,1.2954849,0.5335337,-0.7422749,0.5166267,-1.4774091,1.5289171,0.6711208,-1.5885757,-1.4703435,0.05097126,-1.3493165,0.42867923
54,0.6496578,-0.5321041,0.0,0.0,-1.0041618,1.2593105,1.0400463,0.0,0.0,-1.6777923,-0.97025096,-1.6756378,-1.6855699,-0.065147966,0.42756012,1.4485501,-0.6245591,0.8581358,1.4624021,-1.155913,-1.284958,-0.1921529,-1.3977747,-0.9050305,0.40607968,0.8409037,-0.8233732,-1.222105,-1.0036385,1.1276062,0.939272,-0.29807207,-1.138871,-0.7072895,0.94061816,0.68987906,1.2250398,-0.794943,0.7448714,0.8839491,-1.5215724,0.2750628,-1.0746017,-0.897657,0.3162624,0.19956437,-0.56724966,-1.5772083,0.43159196,-0.45967612,-0.56041896,-1.2806665,0.10004482,0.74817026,-1.6119434,-0.9547027,-0.28833222,-1.39819,-0.48756817,1.0347729,-1.3695686,1.6627729,-1.1356775,1.3566949,-1.2191877,-0.5779257,-1.394261,1.3588881,-0.38024646,-1.4564577,-1.1700883,-1.4205414,-1.3305336,1.5489423,0.3370649,0.348355,-0.6838514,1.6478087,1.575519,1.192726,1.3269546,-1.6394175,-0.7053748,-0.74799716,-0.32004192,1.5027962,-1.294802,1.304709,1.3648376,-0.1984598,-1.6171769,-1.5421481,0.9861926,1.1878226,0.40682453,1.2427323,-1.3454221,1.5025105,0.06327645,0.771694,1.5041069,-1.4592152
55,-0.63900316,-0.6646709,0.0,0.0,-0.05873412,0.85085833,-0.95383334,0.0,0.0,-1.5295223,-1.6634758,1.0362371,-0.0023458023,-0.408317,0.23719254,-1.0607538,0.83735347,1.6858699,1.4369882,-1.6406151,0.3021913,-0.5676175,0.6281204,-1.3006673,1.2781796,1.7277724,-1.0598271,-1.572425,1.4805595,-0.34933972,-1.345664,-1.5298512,-0.24305418,-1.327162,0.078131735,-1.6531496,1.4417953,-0.07569948,0.019005567,-0.9187103,0.42901424,-0.9683038,-1.4645585,1.1547874,1.297753,-1.1075814,0.5336185,0.8940159,-1.4696318,0.036602326,0.20336573,1.2252828,-0.3222115,0.3509071,1.6173273,1.1951962,-0.8783172,-1.5982002,0.9712313,-0.92966276,-0.8757646,-0.35135895,-1.284346,1.5083271,1.3367879,0.14476256,-1.3101218,-1.0903592,0.7775705,-1.2319363,-0.038101953,-0.03660866,-1.5538847,-0.3754834,0.07914322,1.1971056,0.8348849,-1.0423996,0.721755,0.65829664,0.4915589,-0.3334957,1.0548196,0.6934157,1.4762731,-0.91467106,0.19896595,-0.26478568,1.1240156,-1.5569065,0.7098903,-1.5547136,-0.79619235,1.4296483,-0.81399655,0.2400916,-1.3079094,1.3420161,-1.3062686,-1.6132987,1.3871852,1.3469431
56,-0.029034195,-0.3210276,1.0,0.0,-0.06694867,0.07792657,-0.4082482,0.0,1.0,0.39565524,-0.73390293,-0.11649858,-1.1242788,-0.11871903,-1.1740255,-0.89236826,1.7008996,-0.4366043,-0.015814284,-1.5562508,0.1433025,1.1826141,-1.663792,1.6231973,1.2093943,-0.85473496,-0.6329792,0.7107292,-0.6077289,-1.6965096,0.9917255,1.0974394,0.05279928,0.17735513,0.37760857,0.5012991,1.1583438,-0.29893178,0.28992555,-1.5098435,0.037648853,-0.20340773,0.74430615,0.67070687,0.96292114,-0.33932135,1.2321637,-0.14295879,0.2939735,0.07113413,-0.2213351,-1.3844709,0.33682635,0.9042188,-0.269235,-0.85881346,-0.99129057,-0.18248999,0.96689945,1.4855797,0.8840565,-0.52577376,-0.15264396,-0.24480084,-0.22093782,-1.4573778,0.5617811,-1.1045672,0.7751012,1.7721977,0.57741725,0.008951848,0.621052,1.3625473,0.0643654,-1.1321381,1.5171485,1.3575082,1.4204446,0.07187416,-0.10272315,-0.4614158,1.3558557,-0.6011046,-0.7748436,1.0623536,1.4444761,-1.4705234,-0.44076493,-0.9236347,0.28522196,0.6679516,-1.5312343,0.728745,1.4161538,-0.24803907,-0.99915683,-1.1587882,1.2483605,-0.78164345,1.2934926,1.4071385
57,1.320201,1.0257512,0.0,0.0,1.2721285,-1.0122325,1.3635459,1.0,0.0,0.4455794,-0.13489534,0.8011073,0.9153241,0.6592859,1.5065095,-1.2352605,-1.1116673,1.464798,0.59438163,0.25608113,-1.5787553,-0.25990263,-0.5258682,1.4866028,-0.18010291,0.97854257,-1.6987815,-0.62673974,0.7218741,-1.4415206,-1.0728562,-0.1304193,0.6247717,0.0059402776,-0.22540875,-0.88204,-1.1898531,-0.56095195,0.44465458,1.301511,0.8033436,0.543799,0.7067868,0.08117117,0.8021519,1.5927702,-0.54447263,0.5706896,1.0144875,1.7502468,-1.7320089,0.6949572,-0.9076682,1.7271698,1.3756237,0.9111034,1.7045561,1.6286606,0.4581098,-1.5570008,0.56009674,-1.3804204,-0.26254016,-0.6132397,1.0061578,0.78728735,0.45329934,0.70342755,-0.46744108,1.0528053,0.40320155,-0.4644222,-0.46908876,1.1550565,-0.26495537,1.5635823,0.44684973,-0.120412536,0.49304152,0.5005811,0.7851117,0.46210507,0.0704558,0.6018947,1.5747153,-0.59031254,-1.2404206,0.25767255,-0.20348987,0.6971317,1.5853449,0.1953221,0.15958393,-1.171706,-0.31891832,-0.87654513,1.2363012,1.5255027,0.19117968,-1.1904794,-0.9945371,-1.1490756
58,1.0493587,1.3917075,1.0,1.0,0.12355141,0.30568993,1.2425936,0.0,1.0,-0.032859687,1.6579225,0.37309656,-0.4819207,-1.1574495,-1.0204558,-1.014136,-0.25889423,-0.023155022,-1.2042543,-1.6173466,0.63867474,-1.6396254,1.1354789,-0.7169579,-1.6219631,1.701834,-0.1774713,0.78742945,-1.359533,-1.449021,-1.7524327,0.6293402,0.54504037,-1.2402518,-1.169854,0.4441329,1.5981953,-1.6166888,-0.61257505,1.3932581,1.4777912,0.6621647,1.5150446,1.1040257,-0.9926025,1.5898727,-0.6043525,1.4323215,1.2907437,0.9641832,-0.16384308,0.7935166,0.40417272,1.7835654,1.0937995,1.191847,-1.2654555,1.425576,-1.3180858,1.6221864,0.005375433,1.5545998,1.5077643,1.1382446,0.29038432,1.0450221,0.3297031,-0.06822497,1.5698535,-0.97170824,0.07518801,-0.917455,0.40094426,0.5129842,-1.626437,0.06577557,-0.116169706,0.009544611,0.92258215,-0.70325345,0.0061256085,0.6918776,1.6706165,0.998619,-1.0095712,0.2710181,0.37522775,-0.87936044,-1.0722075,-0.46569264,-1.3703381,1.4793211,-1.3764956,-1.7682862,-0.32341734,-0.63074523,0.47723708,-0.6113145,-0.42736125,-1.1125964,-0.43012217,1.2464973
59,-0.9500926,-1.3501366,1.0,1.0,-1.3478497,0.019681204,-0.5128084,0.0,1.0,-1.6473217,1.6294942,1.1422166,1.0499737,-0.8406038,1.2296963,0.7696851,0.40453777,-0.07263003,-0.10256875,1.0572308,0.98858315,1.6721156,1.2403917,-0.843863,0.117576756,-0.2648405,-1.5284568,-1.4836173,0.74479383,1.5183192,-1.4923022,0.17128976,-1.5024849,0.8232947,-0.059686862,-0.12303562,0.7167423,0.6994242,1.3672991,-0.639238,0.7414209,1.0879631,-0.873433,-1.330478,1.378319,-1.1738417,1.3373982,-0.6476124,0.32240796,1.3871902,-1.6721692,-0.16203772,1.4809084,-0.25656345,1.1648717,0.048191786,0.36518484,-0.8026836,1.4450717,-1.6006668,-1.2588847,-0.94539607,-0.48257893,-0.88881916,0.022049118,-1.1709257,-1.0301311,0.12448735,-0.37785497,1.0448918,1.2236531,1.275442,0.8241882,0.514592,-1.3593271,-0.5155393,1.0697713,-1.6202723,-0.23729825,-0.81901306,0.3998946,0.036636032,-1.2699735,0.08410256,0.5435441,0.81501794,1.0093718,-0.509194,0.545819,-0.58106834,0.013090325,0.042259973,0.57891643,-1.6111305,0.5714536,0.6922136,-0.25985152,-1.391952,1.3384185,0.29327637,0.4201942,-1.1764791
60,-0.8993005,-0.1456565,0.0,1.0,0.30965123,0.23845786,-0.8784082,1.0,1.0,0.22674356,0.4336182,-1.3868587,-0.61898756,-0.27561513,1.8449515,-0.83578634,-1.16713,0.34077168,-0.57726055,1.1608912,0.27461976,-1.3201836,-0.074276835,-1.2015196,-0.34735438,-1.1268255,1.4020996,-0.8211265,0.424466,1.5815554,0.21593788,-0.62490565,0.09549357,-1.0305538,-0.42086363,0.032174252,-0.22797768,-1.3771244,-0.49572492,1.512689,0.45719004,0.2006909,-0.14764489,-0.55964315,-1.2899566,-1.0956362,1.0056777,-0.22872122,1.3980566,-1.0157287,0.18945883,1.3411632,-0.6706676,-0.7631708,-1.1981118,-0.6365345,0.47128874,0.7231214,-1.5392835,-0.27229446,-0.47662923,0.32349154,0.6406403,-0.47240818,-1.3682094,-1.1311891,-1.2717017,-0.5489714,-1.1622604,-1.0704652,-0.1964241,-1.708909,-0.10013116,0.2498406,0.5758076,-0.099910386,0.058966286,-1.2846643,-0.80688685,0.1487491,-1.6129197,1.7020073,-0.6835289,0.3744569,-0.6940056,0.20416881,0.62959546,-1.606571,-1.6168983,-0.8336129,1.622895,1.0231755,0.3584327,-0.13683523,1.1574588,0.1921391,-1.1058666,-1.2157149,-1.4915949,-0.94682175,-0.31134742,-0.8603736
61,0.84828854,0.09299926,1.0,1.0,0.2163831,1.4075637,0.6624844,0.0,1.0,1.1466093,-1.2197522,-1.6083431,-1.1599538,-0.41973457,-1.4636903,1.6788037,-0.09818649,1.688186,-0.20299087,0.91590387,-0.3154506,-1.3540013,-1.2915398,-0.54550266,1.1913403,0.34795815,1.6388654,0.3276114,-0.034843802,1.367347,-0.42690477,1.0055922,0.0031165213,1.5915834,0.2471657,-1.3646576,-1.5749307,0.69188786,1.5956807,1.0479667,1.128449,0.827316,-0.20864879,1.578122,-0.922951,-1.286459,-1.7979578,-0.5188425,-1.2726558,-0.897944,-0.2150692,-0.12195462,-0.6795381,-0.6978362,-0.562957,0.52673036,0.052333783,-0.8474311,-1.0263479,-1.5100856,1.2808063,-1.1671175,0.99251115,0.68791515,1.4043928,1.028041,-0.42893445,0.8011588,-1.4178007,-0.34777808,-0.8911217,1.0247811,1.5631726,-1.5381682,1.1498327,-1.3076028,-0.4673116,-0.12387311,0.22919379,1.3893232,1.808204,0.83198357,-1.1216637,0.5901371,-1.6315947,-0.48840326,0.072560936,-1.4958254,1.1639466,0.59873694,-0.8536114,-0.3673407,1.185598,-0.7367929,0.5096202,-0.54741484,-0.4474635,-1.4793211,1.5272403,0.16653863,-0.21351759,1.6408732
62,-1.0934747,-2.3364835,1.0,0.0,-1.3575547,-1.519984,-0.7299436,1.0,1.0,0.6521407,0.5162071,-0.062558606,-0.45966002,-1.6690867,-0.952184,1.5913098,0.3923608,-1.5764838,-0.7895729,-0.8879752,-1.7545316,1.4215922,-0.5295859,0.16450751,-1.041313,-0.7695742,-1.2237357,-1.3278497,-1.279166,-0.26384455,-1.7311418,0.6081346,-0.8095699,1.2075114,0.3763186,-1.1147113,0.08066915,0.1791815,1.1798323,0.10779679,-0.37499362,0.2092642,-0.7200302,0.8633714,-0.09852482,0.4126561,0.9856543,-0.70393115,0.98930645,-0.14712614,0.5468874,-1.0849841,-0.27737775,1.5701102,-0.8457323,1.4715134,0.16512494,-1.274468,-0.009128609,0.4214188,0.83561856,1.7672832,-0.98840445,1.0855689,-0.6096886,1.728904,0.45012614,-0.9072335,-0.16765015,-0.41606003,0.94849324,1.5425696,1.354839,-1.2549264,1.1413947,-0.51762795,0.34806588,0.66668594,0.76751935,1.5381474,-0.5465507,-1.6707919,-0.7028583,-0.38051432,-1.4830124,-0.85110587,-1.0918013,0.5344067,-1.4191617,0.012624271,0.97838485,-1.3910984,-1.26266,-1.7624236,-0.09948812,-0.54370075,-1.5910146,0.8711881,1.6276474,0.99921733,1.0229018,-1.5524229
63,1.3850168,1.2843832,0.0,0.0,0.11492314,1.534936,1.3618715,0.0,1.0,1.7161976,-1.2535714,-0.23491004,0.087437965,0.33467177,-1.2227383,-1.1148684,-1.2747763,-0.88008934,-0.42940602,0.7126668,0.537083,0.9667374,-0.45508853,-0.042445462,1.4080734,0.30296627,-0.7236443,0.11136125,-0.65115,0.80813235,1.8116367,-1.1432949,-1.3695798,-1.142146,0.88177997,-0.9587917,-1.3395294,-0.90853405,0.25420222,1.3424077,1.0837127,1.5651432,-1.648392,0.24573666,-1.6342587,-1.0142654,0.9377463,0.8977024,0.11903649,0.3666843,-0.6566871,0.31766933,-0.062467612,1.6204756,-0.1176235,-0.89172906,-0.5650339,0.77194685,-1.7399799,0.12194401,0.49887723,0.23371786,1.48332,1.5247391,0.19480081,-0.52845186,-1.0722177,-0.933093,-1.0346295,-1.6385343,0.63671464,0.8358722,-0.036009528,0.05680476,1.5666479,-1.2948225,-0.4009513,1.6616751,-0.7244653,-0.67402875,-0.6967161,0.5015047,-0.011118481,1.2713406,-1.3085788,0.373931,-1.501783,-0.18430938,-0.13543552,-0.9525815,1.4252815,0.72871065,-0.5439212,-0.639209,0.9351237,-0.24712197,1.0552777,0.11333453,0.72965527,-1.5018159,0.35905424,0.019296892
64,0.0036625902,0.18051259,0.0,1.0,0.087438546,-1.035874,0.7006677,0.0,1.0,0.18507294,0.19508262,1.2782761,-0.58209795,0.86859906,1.5495805,-1.1818866,-1.2215878,-1.3706428,-0.03361268,1.021546,1.2741094,-0.43433937,0.5866344,1.4509714,0.9596688,-0.5944804,0.24129328,1.4414628,0.06876967,0.54540855,0.7298719,-1.2043223,-1.4639755,-1.541574,-0.53594744,0.00071512087,1.7359763,0.82011926,-1.3708965,0.25377566,-1.2728269,-1.1648351,-1.1519985,0.0141352685,-0.39038458,0.232826,-0.31607497,-0.20486808,0.15665336,1.4572191,0.7767342,1.7634856,-1.4277468,0.22354856,-1.6497533,0.39941633,0.99693936,0.56566626,0.9462424,-0.7987063,1.1032255,-1.3777674,-0.036381003,1.4557822,1.2575696,1.4648224,0.25177127,-1.3327086,-1.4273294,-0.9357833,1.6648624,1.5020415,-0.4698529,-0.69791114,0.66511977,0.33232895,0.73587364,-0.1970736,-1.1703001,0.8909373,-1.5010071,1.5491841,0.1374137,1.3198935,1.6335744,-0.8899441,0.8254403,-0.6852196,0.96001446,-1.1442473,-0.15976807,1.2408222,-0.38920444,-0.85830855,1.7471327,-0.96012336,-1.3569169,-1.4680495,-0.9479418,-0.5970874,-1.5376737,-0.50469506
65,0.57800144,1.3165452,1.0,0.0,-1.3067964,0.27799818,0.91473675,1.0,0.0,-1.5894544,0.12709683,-0.70632637,-0.21775404,1.0947571,-0.3872058,1.1722547,-0.6328952,0.591207,0.2583534,0.022294248,1.2637032,0.039373152,-0.15982407,-0.583333,0.79721475,0.6756961,0.86913353,-0.6035917,-1.7041708,-1.022806,-0.7189216,1.1432469,-1.6162677,-0.62507933,-1.2836165,1.5170696,1.6349506,-1.0128913,1.5195408,1.3338988,-1.1785717,-1.188117,-1.0426888,1.1740907,-0.40691364,-0.43187067,-1.1211028,-1.5040141,1.412952,0.40212587,-1.4896588,-1.6105635,-0.90986824,-0.48160303,1.247696,-0.8343256,1.1646473,1.7394009,0.01617075,-1.3585225,-1.564126,-0.4750587,0.979148,-1.1727101,0.89761686,0.21540275,-1.0098041,-1.4325708,0.01817513,-0.42092544,1.008046,-0.122357085,-0.51494575,-1.5922421,-1.4562477,-0.66632026,-1.4041958,-0.7071678,-1.2648834,-0.4181237,0.83096,-0.2514782,1.6750698,1.3538793,0.14722882,-0.14917283,-1.5033027,-1.2791033,-1.1719285,-1.6435294,0.8974446,-1.6815802,-0.83032125,-0.59425384,-1.5733428,1.5415353,1.0093534,0.60263556,1.0365229,0.46295604,-0.6661839,-1.0916909
66,0.011764008,-0.20794608,0.0,0.0,1.0640033,0.5981155,-0.6073639,1.0,0.0,0.01133115,0.25677496,-1.3194308,-1.4720802,-0.5495198,-0.29079002,-0.14345151,-0.9547394,-0.4950186,-1.3156444,1.0749613,0.22388864,-1.5345896,1.1785339,0.4784465,1.544305,1.7135863,1.0399711,0.104800984,-1.3872048,-1.2057849,0.18880114,-0.39811593,-0.8224566,-1.3886251,-1.3448626,0.58139414,-0.96621275,-1.6106303,1.3075624,-1.4020133,-1.2937906,0.42431283,-0.79798853,-0.7986761,1.5753225,0.2149013,-0.51311034,-0.782932,-1.0703416,-0.9693804,1.5760769,1.3176392,0.39539123,-0.74090517,1.6311543,0.27650508,0.67454505,1.3674653,-0.7416214,0.034150556,-0.76492894,-0.582965,1.3744254,-1.1995999,-1.5668672,0.96158797,-1.6974311,1.2351966,-0.91836613,-0.56600296,0.76052105,1.4548669,1.5464622,1.6524173,-0.11375498,1.3908173,1.2121681,0.7860729,-1.4221072,-0.740707,0.5062891,0.4295195,-0.74792236,1.3540274,1.2221568,1.0779222,0.9042915,-1.5525824,-0.2313945,-1.3397679,0.5121395,0.031312123,0.23063993,0.37756714,0.908886,0.19417764,-1.7126174,-0.8652471,-0.98903096,0.989549,0.7977157,-0.28270635
67,-0.98905617,-1.1564142,0.0,0.0,-0.69828504,-1.3939384,-0.5192482,1.0,0.0,-1.1225927,-1.1639136,1.5513072,0.83525074,0.6493952,-1.5956624,1.06251,-1.4745815,-0.49133858,-0.88658774,1.7380146,-0.066115454,-1.2637272,-0.54314053,-0.8656111,1.053061,-0.78676444,-0.25313473,-1.23172,1.0929344,1.3365169,-0.32244384,-1.5947756,0.9214725,1.5108991,-0.95316213,0.39551586,-1.0486375,-0.1821349,-1.4436635,-1.6481853,0.89998966,-0.46606326,1.4146045,-0.2723854,-0.34524292,0.6639601,0.40536314,1.306875,1.5907007,-1.5541443,-0.31124356,1.01825,1.249394,-0.5314855,-0.30105588,1.4440327,-0.57789683,-0.8107754,1.5038725,0.060613964,0.28874174,-1.3931109,0.18417211,-1.6345642,0.91366017,-1.0427635,1.6080066,-1.5911819,-1.1318702,1.5943071,1.5253011,1.6217798,0.027627183,1.5629586,0.75848454,0.15330498,-1.2531849,-1.2959458,1.2407297,-0.86994845,-1.3707713,0.23028125,-1.2435844,-0.46129894,0.04890245,0.28491855,-0.14510235,1.8122354,0.31239617,0.33562368,-0.09186094,-0.5996912,1.1666204,-0.68028843,-1.2819614,1.4315557,-1.0723296,1.0581237,1.6100289,0.5732117,0.87619513,-0.6015726
68,-0.89166075,-0.9671925,1.0,0.0,-1.4738388,0.6897671,-0.97719735,1.0,1.0,-0.119984984,1.0661043,0.5410656,-1.0199808,1.1116374,1.0103282,-0.4822888,-1.6844748,0.9147364,-1.4037274,-1.4705044,-0.8115383,-0.9865594,-0.27046567,0.43871972,-0.12415991,-1.3975618,1.2107286,1.2793847,0.6776684,-1.4571513,1.655554,-0.9309834,0.3757082,0.99415296,-0.040100854,0.027287878,0.1936006,-1.5804449,-1.2377483,-0.0068187066,-1.3065575,-1.5964503,0.8296558,1.6118778,1.0654082,0.10317172,-0.928235,-0.62195,0.46410823,1.7393879,0.16825995,-0.75640017,0.6420058,0.9474404,-1.2416049,-1.686088,0.20619783,0.7481801,-1.4486893,-1.2173443,1.138439,-1.0744858,0.10150506,-0.5928177,1.2263784,-1.4642273,1.4167666,-1.4073403,-1.1673119,-0.8118565,-1.6111227,-1.513978,-1.1661185,-1.3457928,-0.22080125,0.75184345,-0.6351906,1.1989905,-0.8362284,-1.352496,0.09928628,-1.0470881,-1.4064054,1.0259677,1.1902053,1.6797802,-1.5476466,-1.5292535,-1.3802962,-1.4970297,1.494644,1.7774847,-0.92881596,-0.9104424,-0.36250627,1.368064,0.19541381,-1.4193872,-1.0946207,-0.45371112,0.005133302,1.0034611
69,-0.44273898,0.6328379,1.0,0.0,0.21188602,-1.5971165,-0.6448969,1.0,1.0,-0.26602197,-0.059749745,-0.5561417,-1.4458072,-1.359081,0.48752782,1.2795892,-0.0888764,-0.07277145,-0.80189013,1.154285,-1.0126518,-1.6089495,0.76296914,1.4749367,0.7352476,-0.22832069,0.7330195,-0.6547962,0.32408556,1.4696357,1.8284882,1.0532964,-0.43500528,1.2746502,-1.0673513,-1.649952,0.98452795,-1.0704179,-1.3810803,-1.1882037,-1.5746305,1.286677,0.52793944,0.66992766,-1.5768859,-0.7979392,0.7641629,0.7137537,-0.65871525,0.45878378,-0.46586335,0.021807542,1.345427,-0.338886,0.033121824,-1.3156859,-1.5526669,-0.6659198,1.4836729,1.6218082,-0.20340343,-0.93349355,0.17472105,1.0728196,-1.2463535,0.8111333,0.67939436,-0.7215374,1.5282812,0.7321911,-0.79788595,-0.78941554,1.2344142,0.34277582,0.9849798,0.524556,-1.1571878,-0.34578714,1.2611015,-0.3736395,0.98101544,-0.46108106,1.293211,0.26943466,1.6419426,-1.000184,-0.23758723,0.583138,0.48574296,0.6549745,0.7030345,-0.9406838,-1.0452051,-1.4518809,1.4782557,-0.21710669,1.560831,1.6429769,0.77694094,0.6325303,1.1258341,1.3159552
70,0.10536857,-0.6995389,1.0,0.0,0.13286088,-1.0954893,-0.03682862,0.0,1.0,1.2352835,-0.44540036,-1.3974258,0.11374287,-1.4756218,-1.6020819,-0.010097487,-0.40474552,-0.10865604,1.277646,1.5393218,0.7540696,1.1758869,1.6190317,0.43092582,1.139106,-1.477641,-1.3458561,1.322648,0.934768,0.20644613,1.3731568,-1.521486,-1.4980739,-0.57003933,-0.77293235,0.40875676,0.292285,0.40644464,0.49433336,-1.5671723,0.6411336,0.03923049,-0.95638674,0.5579404,-0.79293287,-0.25246298,0.78936297,0.63313276,-0.020316686,-1.5633819,0.5011664,1.5162996,-1.1501025,1.2664598,-1.3805057,-0.12417055,0.793632,1.5434155,1.3904902,0.93159026,1.685918,-1.0103396,-1.4204185,-0.8570655,-1.5758812,-0.818652,1.1319045,1.574544,-0.08803808,0.6458836,1.3375459,-0.61196804,0.83735704,-1.219067,1.5364914,1.6021996,-1.301226,1.0264306,0.5671033,-0.17789245,0.17200018,0.28225937,-1.1266454,0.05043564,-1.1180776,0.6239854,0.038050923,-0.84854853,-0.35211328,-0.2430405,1.4689462,0.8612361,-0.4031399,0.21913542,-1.1756498,-1.4297109,0.93737704,-1.3257158,-0.962399,-0.43237102,0.6579289,-0.79603624
71,0.2173545,0.3685388,0.0,1.0,0.5997825,0.7727758,0.2650474,1.0,0.0,-1.1607146,1.5824305,-1.3298247,1.7615033,1.4598905,-0.9612785,1.2553142,1.5657189,1.050132,1.4524686,-0.47574466,1.4522662,-0.6876086,0.4029986,-0.7560984,-1.0906746,-1.1557448,-0.5429804,1.6538702,1.2974721,-0.40807515,0.69248235,-0.8898258,-1.2050626,1.4426091,1.6121181,1.4647166,0.098861635,-0.86319846,0.37548843,-1.6155459,-0.9311966,0.46916452,-0.03442532,-1.0000266,-0.67720336,-0.067268096,-1.7079012,-0.3291483,0.5476872,0.7009607,-0.93461865,0.6762835,-0.90741384,1.1308591,0.12403629,-1.377391,-1.0742211,1.4725888,-1.3426988,0.23438716,1.2893544,0.3836096,-0.029014962,1.1465063,-0.2390167,-1.15826,1.0175681,-1.3041878,-0.09589604,-0.8733736,-1.463608,-0.12345725,1.1960102,-0.57988846,-1.0312959,0.8873001,0.7952721,1.2544625,-0.78922087,-1.3358148,0.547859,1.5764712,-1.3300259,-1.394036,-0.649756,-0.09914445,-1.0209125,-1.677969,1.3167158,-0.6563308,-1.651121,-0.27952206,0.3905897,-0.55220896,-1.6085538,1.1084038,0.82682115,0.8005917,-0.89882714,1.3915666,-1.5536772,-0.9516679
72,-0.25128785,-0.26140225,1.0,1.0,-0.95479834,-0.46196496,0.30701092,1.0,0.0,0.25187737,-0.956943,0.22841264,-0.36119983,1.5721558,0.37820417,-0.6773348,1.197256,-0.028296001,-0.07802985,1.5454658,0.13195492,-0.3924908,0.042094294,1.0987393,0.13849,-0.1904248,0.30415323,-1.4858321,0.6373424,0.25571334,-0.33537158,0.016932722,-1.4726961,-0.69122523,0.34383327,1.43949,1.3771938,-1.1448842,1.1597089,-0.7057544,-0.69948375,-0.055970192,0.37743098,0.007524139,-0.042177077,-0.7346997,1.5204262,-1.4800824,0.46111977,0.12971525,1.5133858,1.1309906,-1.4457339,0.7093347,-0.40983477,-0.6865322,-0.7954499,0.10685531,0.8914573,-0.014670639,-0.31818876,0.92071295,0.8462397,0.44475955,-1.1967084,0.2745644,0.08879975,1.3061224,0.81122535,1.5695369,1.4268732,0.7938539,-0.76465714,1.1503383,-1.4923213,-1.3401058,0.3996663,0.58283114,-0.691546,0.42448613,-1.2121304,-1.5532296,0.6027481,0.67326677,0.72079307,0.5931339,-0.39306247,0.34163374,0.96052754,1.017064,0.48747364,0.21446697,1.1379771,-0.63485456,-1.1710885,-0.0013258302,-1.5352874,-0.149776,-0.96137047,0.0064060856,-1.2012043,-0.2194663
73,0.058090433,-0.3690942,0.0,1.0,-0.49520028,0.7681512,0.59528905,1.0,0.0,-1.5317668,0.70523256,0.19369896,-0.36554,-1.6566122,0.3784912,1.4994519,-1.0150381,-1.1222693,-0.59714365,1.7664531,1.3079624,0.5778443,-0.51594174,1.4841638,0.39211738,0.004480477,-0.9564693,-0.8215843,-0.5263216,-0.987434,1.8182976,0.90102947,0.743287,-1.344998,-0.45415443,-1.5657096,-0.04960129,1.3687183,-0.9296605,1.272654,0.09680805,0.83501947,-1.6180235,-0.4590432,-1.1781582,0.22734949,0.2608866,1.3489252,-1.114779,-1.4696529,-1.5381367,-0.9452103,-0.14529894,-1.1113223,-0.13207945,1.2880342,-1.5386695,1.1242716,0.8756429,0.38793474,0.24323925,1.7636769,-1.1636,-0.11040593,0.02777622,-1.5542667,-0.34098715,-0.07259408,0.95125794,-1.1549991,-1.5908091,-0.02112139,-0.80628616,-0.663069,-0.47063807,0.44921136,-0.5842835,0.8721615,-1.1423867,-1.4872706,-0.5154084,0.031003783,0.06917641,0.16894327,0.6544319,1.3888663,1.186963,-0.74151623,-0.30358103,-0.02219722,0.71612066,-0.95641154,0.68599194,-1.2450043,1.234007,1.2171847,0.30639648,1.5561293,1.041416,0.9951038,1.1722922,1.5236104
74,-1.4327943,-1.6032747,0.0,1.0,-1.6199818,-0.62081563,-0.40209392,0.0,0.0,1.6770849,0.4275177,-0.2776986,-1.4822301,1.2254369,-1.1407021,-0.81875134,1.3105989,0.7303819,1.3773861,-1.1238625,0.77992684,-1.1662302,-0.88860357,0.3574443,1.6423448,1.0795585,-1.6870568,-1.4110532,1.4340364,1.09892,0.65983576,-1.5018743,-0.86324406,0.47119522,-0.39015454,0.5345309,1.7417378,-1.6893482,-0.25605893,1.6632196,1.3514749,-1.166939,0.29544288,0.7110621,0.22612156,1.1703349,1.4121819,0.12557738,-1.279485,-1.6959112,-0.9908811,-1.3787614,-0.58291197,1.6361557,-0.9263933,-0.466477,0.38878092,1.1963347,-1.711487,-1.2716026,1.6477603,-1.2948982,0.5719999,1.3164753,0.5657274,1.0881408,0.69172037,-1.3895918,-0.7333286,1.0055135,0.8930103,0.36534145,1.7558297,0.5900542,0.54329556,0.6610687,0.06198131,0.7050315,1.0029842,-0.22063224,1.6391146,-0.059679754,0.32292697,-1.4896402,-0.7090935,1.7183676,1.4145199,-0.794132,-0.2173391,0.23993315,1.3398201,0.39116856,0.09694373,-0.83839875,-0.58603597,0.8416319,0.6298604,-1.2459576,-0.57883465,-0.8347505,1.6310527,-0.5845659
75,1.4509344,1.4996736,0.0,0.0,0.97477525,-1.0684329,1.6883705,0.0,1.0,1.536138,0.16922863,0.04940852,-0.26476404,1.0017403,-0.83511966,-0.9586029,-0.5077862,1.5127198,1.1648059,-0.049769234,-0.994321,0.5239878,0.87157744,-0.7109626,0.049336992,1.6913588,0.8609011,-0.17033605,-1.2121847,0.9247695,1.7613528,-0.56901777,-1.5885308,-0.78913033,1.1378496,-1.1528698,0.83992493,1.0606632,-1.3537314,0.59510815,0.7743704,1.5718958,0.10222679,-1.3947923,1.5899122,1.1685649,-1.0195848,-1.042448,0.50459033,1.6847602,-0.68043405,1.6278797,-0.09538362,0.09999945,1.2481515,0.75196654,-0.5081091,1.0938522,-1.175801,1.6017886,-0.99081504,-1.5581062,1.1847029,0.10979458,-0.130303,-0.93498975,-1.1660533,0.75827634,1.1618818,-0.22791955,-1.2053851,0.6835282,0.72063035,0.79619527,-0.94481754,1.2985481,1.2775997,-1.5990863,1.5343618,0.2605467,0.13345994,-0.3064406,-0.67080384,1.0035219,1.3804922,-0.4537361,1.4591796,-0.32174754,-0.8317274,0.39682767,0.77777934,0.30412784,0.9072282,1.3884037,-0.8931709,-0.8705047,-0.83895606,-0.52534425,1.5511699,-1.2973993,1.1391507,1.2760319
76,-0.47947243,-0.86000735,0.0,0.0,-0.2789171,-0.46519378,-0.31040946,0.0,0.0,0.7449729,-1.0835,-0.7488655,-0.17929578,-1.7367338,1.2597915,-1.3996522,0.8379351,-0.5750277,-1.4868852,1.1708235,-0.259266,-0.016655194,-0.07371461,-1.1880542,0.17469108,-0.85623413,-1.0687051,0.8187836,1.2309518,-0.025295883,0.94071436,-0.8003079,0.9863907,1.3737016,0.65012294,0.4194054,-1.4799898,-0.4897308,0.6137444,1.4358004,-0.19534208,-0.2472023,-1.4356818,0.8445649,-0.79038864,0.74418205,-1.4513103,-0.32511392,-1.6452028,-0.772961,-0.37814718,0.6282561,0.5277829,0.12493201,-1.6171873,0.4365266,0.5074385,-0.18196826,0.9526017,1.4486731,0.042162772,-1.4313129,0.06780833,0.88791835,1.585842,0.96571916,0.8065365,-0.54648644,1.3109249,0.3771146,-0.561351,-0.957962,0.71036845,-1.6272128,-1.1125221,-1.458716,-1.5385557,1.5414494,0.89744353,-0.87898254,0.88769794,0.8930943,1.018806,-0.75901157,1.4713063,-0.59028804,-0.49803454,-0.7267932,1.5076681,1.6970328,1.7170615,0.24899723,-1.0105785,-1.416356,-0.38293374,0.028160896,-0.5480118,-0.3562714,1.3905325,0.05624437,0.19720024,0.048928227
77,-0.7087777,-0.70867914,1.0,0.0,0.3001669,-0.21081814,-1.3775204,1.0,1.0,-1.3518519,0.29286477,0.4454913,-0.07443775,0.92390835,1.3677918,0.78480196,-1.6888862,-0.90750283,1.4785029,-0.81262314,1.2144989,-1.6988264,-0.9112863,0.26868895,1.1069111,1.3282621,-1.2345012,1.6912757,-1.0748382,-1.4730105,-0.013892432,0.08583925,0.1369323,-1.5447437,1.4501339,0.28196895,-1.3211968,-0.047294386,-1.486254,-0.69682854,1.1413794,-0.6227273,1.2683667,-1.3035321,0.3311458,-0.9244594,-0.43661076,1.4030744,1.4480937,-0.7489937,0.27644065,1.0800719,0.73906076,1.6537447,-0.40775543,0.61973894,-0.08030663,-0.5112388,-1.6631916,1.2813066,0.8700329,-0.70980567,0.31324172,0.64108247,1.3600615,-1.6867456,1.0154611,-0.5901055,-0.049018085,-0.8731808,0.6556915,-0.53007346,0.9323876,1.6803918,1.2802013,1.0274029,-0.74845743,0.39847553,1.3079574,0.10876156,1.7840017,0.30560577,1.6173002,-1.5932038,-0.41221806,-0.10403836,-1.5916845,-0.12238065,-1.5097153,0.56683105,1.3685253,0.14794447,1.1857749,0.03959986,-1.3866171,1.441267,-0.77405816,1.1285679,1.3214766,-0.8133458,1.5457094,0.016419055
78,0.087050594,0.38245636,1.0,0.0,0.8832078,0.6180763,-0.85887116,1.0,0.0,1.2979575,1.0646957,-0.6828636,-0.09965538,0.055862427,1.0258865,-1.0203192,1.4259143,0.51165843,1.503214,-1.2046051,0.98283017,-0.16201924,-1.5475671,-0.88239413,-0.83953863,-1.662126,1.4861239,-1.3161377,0.7573995,1.0536951,1.0299765,0.80618125,-1.5286655,1.4157925,-1.2642239,-1.2037734,-0.052119277,-1.3284255,-1.5386332,-0.04942446,-0.09825126,0.13729934,-0.18117756,0.43380207,0.10104659,0.88734555,-1.3851776,-0.1566069,-1.6436077,-0.2548429,-1.1466237,0.5697371,-0.31298974,-0.039380793,1.3588793,-0.41598988,0.75977963,-0.7468009,-0.23316273,1.0791613,0.9639183,0.1934601,0.47858506,-0.9404161,-1.6530151,0.10265157,1.3836491,1.633292,0.17376648,-0.4139951,1.303684,1.0727267,1.5303836,-0.8854399,-0.5229068,-0.98345387,-0.78547496,1.3253927,-1.2115145,-1.3008581,1.0145092,0.6031021,0.42211163,-0.0795481,-0.04170142,1.1746399,-0.7595001,1.5409071,1.1562345,-0.0030614107,0.44511604,1.584316,1.4860485,1.239833,1.7061529,1.5890253,-0.49146402,0.90142554,-1.7638456,0.936925,1.7018542,0.80746084
79,-0.9212518,-0.58774376,1.0,1.0,-1.0858803,-0.3625758,-0.5063884,1.0,1.0,0.7104088,-1.5504216,-0.18331127,0.43387547,-0.0042133788,1.4042995,-1.3792634,1.5852621,1.0312077,-1.4559271,-0.9638185,1.5661864,-0.46226758,0.17414,0.64592385,0.76427466,-0.5391054,-0.29972985,-0.599018,-1.5746093,-1.2183075,1.2497133,-0.48478132,-0.5874625,-1.449509,0.85387117,1.1285089,0.80335397,-0.6771156,-0.7941667,-0.3753687,1.1988239,-0.08380383,-0.9099813,-1.6921769,0.27169213,0.15595323,0.6514305,1.5483897,-1.6911803,-0.36105937,-1.5768346,0.5405195,-0.4281788,1.7765371,-0.8257508,-0.30033657,0.70239604,1.0025697,-1.3702006,0.5948414,-1.6293373,0.29930785,0.8559756,1.3589116,-0.28566015,0.70430446,1.5316695,-1.5570643,1.1738284,0.8594016,0.9843371,-0.48975173,0.48901927,1.2799448,-1.2548887,0.935165,0.5130404,0.0017660682,0.74139965,1.3886342,1.2032132,0.45169157,-1.5264728,0.64299864,-0.74741894,0.48527172,-1.4581221,-1.1647694,0.8342515,-0.5408823,1.5068078,0.5603965,1.2609671,-1.5221356,1.0952883,1.2784632,-0.22073963,-0.4118639,-0.7921092,-0.44592974,0.16116562,1.2467165
80,0.46125352,0.25397116,0.0,1.0,-0.19293569,-0.37972775,1.2522142,1.0,0.0,-0.72719437,0.3762961,-0.23133294,-1.722989,0.05480088,-0.52856266,-0.3672472,-1.6265746,-1.7367889,-0.9838721,0.35365662,-0.3100304,-0.29722777,0.37831736,0.8355946,1.7090782,1.5212367,0.37284985,-0.91872776,1.0231534,-0.15877104,-0.018901024,-0.840938,-0.6736688,-0.9956638,0.29408598,0.19740853,-1.0606622,-0.17752019,-1.6829258,-0.33150402,-0.21410015,-0.26736867,0.47172028,-0.31399062,0.9091346,-1.4995362,-0.6660209,-0.83335733,-0.93209064,0.191253,-1.2861869,-1.1267257,-0.0028472764,0.06358188,0.13452032,-1.7058434,-0.907817,-1.4807402,-1.6332248,0.83298683,-0.5311714,1.1397947,-1.1895932,0.868698,1.6896359,1.3669633,-1.1115177,-0.35706848,-0.30903304,-0.5252187,1.2824447,1.6513426,0.0161309,-0.12314659,0.8835917,1.4489319,-0.6097253,0.322145,0.3880274,0.006503493,0.9187113,0.7227435,0.6778473,-0.6591266,0.4595187,1.0896696,-0.28661773,-0.8820017,-1.6019267,-1.6570195,-1.5907372,-1.6121298,0.86656934,-1.0560623,1.5405585,-0.6504826,-0.90272576,-0.2993396,-0.49877763,0.35431206,0.2949417,0.8353026
81,1.0127043,0.88924783,0.0,1.0,1.4271252,1.078552,0.7971317,1.0,1.0,0.389061,-1.0101818,1.4715929,-1.0595788,-0.6639869,0.49539617,-0.66067326,-1.2074119,0.9822588,-0.7696954,0.34677675,0.1540066,1.2180268,0.46223944,-0.26254678,-1.1963085,-0.075778276,-0.84633076,-1.0085078,-1.224891,1.4400578,-1.0036055,1.5537437,1.7086018,0.11246824,1.1898955,0.061815068,-0.55151445,0.79006046,-1.5780374,0.2873683,0.3300114,-1.3822933,1.1056283,1.1187018,0.793156,0.66667444,0.87643856,1.4877834,1.5387836,0.1105517,1.286801,1.705329,1.6318804,0.32988808,0.37837964,0.5060677,0.9372729,0.9825927,1.071622,0.50153893,1.3519937,0.9249934,-1.2480963,-1.6467527,1.0789292,-1.4155341,-0.67743355,-0.67280704,-1.0840135,1.4401654,0.766623,0.9258958,-0.16337268,1.4622767,0.1374527,-0.29927438,0.67411363,0.40625593,-0.4591575,1.4211694,1.3059843,-1.5471219,0.47161555,-0.6213989,1.5783255,-1.4585593,-1.1356071,1.5527956,-0.12457565,0.61111856,0.48573327,0.5634437,1.7148368,-1.7151394,1.5226789,-0.49380472,0.60672915,1.4493669,-1.302951,-0.20987155,-0.91458935,-0.19023299
82,0.18553442,0.2013312,0.0,1.0,1.0366787,1.4825832,-0.16748324,1.0,1.0,-0.22344671,0.27271712,1.3222194,1.7396727,-0.56629544,-0.75402284,0.87342757,1.5143144,-1.3593673,-0.6718782,-0.21632747,0.5599423,0.7084325,-0.46165103,0.20733844,1.4470972,0.68687946,0.26814649,-1.0660452,-1.6494871,0.2515924,0.8497284,0.10502084,-1.4243548,-1.5055922,-0.77778965,1.2031704,1.3201784,-1.5378222,0.12359705,1.6570927,0.09396109,1.4547706,1.2167143,-0.13580638,1.2793353,-0.4723254,-1.5798496,1.6109993,-1.313539,-1.5383116,0.055855073,1.2914222,1.3503182,1.0171838,0.92877907,-0.12541474,-1.3918699,0.6654119,-0.7283247,1.5271994,1.2376579,0.9948291,1.2375386,0.91958547,-0.58092254,-1.3923273,1.7386998,1.5480505,-0.0045638485,1.3688731,-1.099817,1.3207705,-1.1735654,0.470508,-1.3504199,-0.57796,0.5578943,0.73334885,-0.79007345,0.26392668,0.35182017,-1.2287667,-0.4089812,1.2245098,-0.45223036,1.1230562,-0.055104367,1.4987493,1.0274488,0.9599095,1.4409117,0.5834509,0.046065383,0.35546067,-1.2081558,1.3455185,-1.5540164,-0.86057675,1.4535239,0.3765613,1.255042,-1.6562929
83,0.484628,0.86207396,0.0,0.0,-1.1759723,1.1042612,0.9529382,0.0,0.0,-0.56624705,-1.133033,0.29263046,0.553198,-1.3392931,1.1058899,-1.266627,-0.082972474,-0.9369573,-1.4787114,0.43235308,-0.66879433,-1.1505414,-1.0973759,1.0081557,0.6318293,0.9778186,1.0769976,1.1449965,-0.4718326,1.2807994,-1.1147649,1.0191673,-1.0644088,1.2386738,1.1009144,0.1808464,1.7080113,-0.34119716,-0.733347,0.5533765,-1.1703686,1.0517666,0.5981905,-0.72891784,1.1550503,0.5254972,1.2446846,0.8913885,-1.3261646,1.5724599,-0.36542532,1.3725423,0.13905556,-1.470991,0.33263278,-1.2381376,0.5452022,-0.5772181,-1.7007186,0.15241693,1.1111552,-1.555359,0.82179105,1.4387605,0.25174376,0.37050506,-0.9280697,-1.3633388,0.017025443,-0.2899898,-0.9250365,0.08657658,-1.4333646,-1.5778055,-0.70909506,-1.4210305,-1.5614531,-1.2846907,0.45394647,-1.4908658,0.08872282,0.36955225,1.0069579,-0.093257114,0.45556286,-0.7982963,0.41237658,1.0222106,0.9624862,6.863567e-05,-0.57772106,0.0057024597,0.87774056,-0.3644139,0.27885863,1.326562,1.3049833,1.2519296,-0.4077357,0.66911936,0.549412,0.5088014
84,-0.36848146,-0.2959495,1.0,0.0,-0.42433003,1.026618,-0.9068985,1.0,0.0,1.5236175,-1.4075066,-1.3233095,0.86674404,0.3627782,-1.0088456,1.6225988,-1.2487648,-1.6493349,1.400728,0.54957443,-0.8453416,1.0028837,0.0400425,-0.49204826,-1.6906496,-1.0912582,1.6614193,-1.116716,0.49906957,1.2216188,-0.29808143,-0.66251725,0.54935163,-0.86751133,-0.71443594,1.5107858,-0.8387993,-0.66501254,-0.25012586,-1.730655,-1.1668154,0.69198287,-1.6770573,-1.620012,0.5472239,-1.0468662,-1.0089881,-1.609979,0.5262301,-0.4299923,-1.0650778,-0.69651103,-1.700996,0.72412854,-0.3271989,0.6650899,1.0159771,-1.5769534,1.2206599,-1.1081461,-1.3174459,0.58399844,-1.3748417,-0.41691068,-0.4444667,-0.42828125,-1.2728497,0.047172423,1.3583173,0.426186,0.88085306,-1.0733787,-1.1679688,0.7637954,-0.4564226,1.1193186,-1.1973522,-0.63145703,0.29064542,1.3956988,0.46677923,-0.7599065,0.28239685,-1.4187462,1.1454837,-0.5647445,-0.986695,0.4695704,0.47606155,-1.3638762,-0.66730636,1.1454738,1.0910541,-1.4993807,0.94106454,-0.085903905,-0.66173685,1.6742086,-0.1392513,1.0316639,1.2707498,1.7205299
85,-0.69824135,-0.1604216,0.0,1.0,0.72864556,-1.0213606,-0.5067342,1.0,0.0,-1.2379382,-0.19724843,0.5444842,-1.5567298,-1.6829749,-1.1369554,-0.056007702,1.2503985,-0.19394353,-1.7994813,-1.6358029,0.43474498,0.7852273,0.6463494,0.840023,1.0262996,1.5017225,-1.076184,0.69813055,1.5020996,0.22776878,-1.6657999,0.69020814,-1.0760833,-0.2815996,-1.2775738,-1.3769925,1.5430719,-1.1863525,1.521501,0.91711,0.9782961,1.4418714,-0.9384131,-0.28839445,0.7577397,1.2188234,0.08967819,0.4482594,1.4651107,-0.89324856,1.201358,-0.5272516,-0.45861763,-0.41671184,-0.88885707,-1.4395875,1.1512959,0.13316058,0.79798037,-0.59710747,0.24687704,0.12277013,-0.82724726,0.24226777,1.3330553,-1.0517673,0.035386316,-1.0370034,1.6388098,0.75603116,0.040922575,-0.098538205,-0.9980291,-0.7489927,0.49970317,-1.5706326,0.30520257,-0.7867853,-1.1971428,-1.6426724,1.0137986,1.6677071,-1.2656511,1.6149023,-0.64770305,-0.3136125,0.3311008,-1.6247224,-1.0712111,-1.4980514,1.3326423,-1.0704474,1.4182338,1.2802306,0.1628381,-0.9562379,1.1144956,-0.9047043,1.594486,1.5196872,-0.18272631,0.89156884
86,-1.5743103,-1.350696,0.0,1.0,-0.20344406,-0.78229266,-1.2287501,0.0,1.0,-0.05259936,1.6772232,1.4962419,-1.6660799,1.5220298,1.62202,-0.39775106,-1.1226109,0.07504849,-1.409096,0.80379224,-1.2904536,1.1462495,-1.3320698,0.87338895,0.28916255,-1.4348838,-1.4651878,1.5526875,1.379712,-0.7075221,-1.3045988,0.39128056,0.1343861,-0.8033,0.040817894,-0.71214443,-0.51139516,-0.55542576,-0.050475366,0.39116266,-0.66480166,0.97320783,-0.31408596,-1.6595933,0.8431235,-0.41685718,-0.22717948,-1.554081,-0.6976507,0.83913976,1.4826585,-1.2983775,-0.941184,0.82570386,-0.95227873,0.49002948,-0.9188265,-0.17426379,-1.6786194,-1.201037,1.453307,-0.24699897,1.5235394,-0.7884041,0.50086135,1.34466,-0.13611262,-1.547364,0.3853239,-1.3056989,0.75831693,-0.483237,-0.504554,-0.1700843,-1.2495668,0.7816042,0.7393526,0.843334,-1.0459551,-0.7866643,0.87226355,0.28105146,-0.6400207,-1.6660303,1.8166661,1.5110886,0.83539003,-0.35362887,0.71343386,-1.475751,1.0129347,0.20101851,1.4026456,-0.54723597,0.81714076,0.30294624,-0.9471523,1.6237129,0.73706436,0.20767015,-0.55899423,1.2938681
87,-0.7649644,-1.469742,0.0,1.0,0.76174843,-0.23572113,-0.8068462,1.0,0.0,1.4255745,-1.6652436,-0.9163041,-1.1427462,-1.0844108,-0.37642577,-0.03362759,1.1534429,1.3983757,-0.115825854,-1.3355842,0.058728978,-0.11481564,0.764494,-1.3740988,1.6354514,-0.06359492,-1.1412205,1.4246113,-1.1330017,1.0663795,-0.59599555,1.6694794,1.4982435,0.60984766,0.80902153,0.1563983,-0.76604396,1.0684332,-1.1566395,-0.24622233,-1.6169643,0.4727955,-1.2985578,1.2222955,-0.050454054,-1.3790638,0.86782527,1.6197953,1.6042678,-0.36813056,-0.83592373,1.2859076,-0.34421065,1.3932791,-0.12765706,-0.063033,1.5215114,-1.3496305,-1.4202235,1.1013533,1.1700776,0.30221096,0.92854345,1.6682726,0.43996128,-1.6522547,-0.022280391,0.8236186,-1.658003,-0.028398953,-0.38636467,-1.4298955,0.5587891,-0.91036713,-0.53536636,0.26559985,-0.07131883,1.28377,-0.20068029,1.600693,0.73959863,1.2654591,-1.1161747,1.5346779,0.043981683,-1.1418191,-0.9221553,0.17137052,0.84436417,-1.5355585,-0.87834036,-0.22178613,-1.1243315,-1.7381865,1.1570516,-0.87500024,-1.0684538,0.40825564,-0.8330435,-0.27076524,-0.5888283,0.35721838
88,-0.19626458,0.25897032,1.0,1.0,-1.3339598,-1.4349154,0.80773824,1.0,1.0,-0.5106374,0.06784067,-0.300595,0.5261169,0.4524917,-0.35001624,-1.5114355,0.5995746,1.1587961,0.4340437,-1.094749,0.31778133,0.18124525,1.6955512,-1.7598813,-0.7024639,0.8450135,0.44073457,0.37032098,-0.93029195,0.5679898,0.95446235,1.44524,-0.23098032,0.09523864,-1.6321282,0.62226135,-0.75643885,0.5220364,0.5389447,1.7170565,0.47936782,1.5005584,0.9100684,0.9604845,-0.6676601,-1.7164338,-1.6798929,0.66681445,0.17809121,0.61387527,1.1802962,-0.85908854,-0.05086406,0.9405008,1.0687568,-1.5054111,-1.1955032,1.3417474,1.3341117,0.5596557,-0.73654324,0.3676997,-0.26196963,-0.17864974,0.7530326,-1.3835043,-0.71742076,0.45773977,-0.7345516,1.5580646,-1.3331461,0.44149804,-1.105623,0.4315529,-0.85109925,0.22262776,1.1801826,0.9108987,1.593913,-0.30248103,-0.968453,-1.2317473,1.2392032,0.032843582,-0.9282526,1.2227118,0.62996274,-0.46177652,-0.07040313,-1.4085526,1.4495082,-0.12557462,-0.40298513,-0.98902804,-0.7748767,0.9122886,1.247972,-0.15400313,1.3390102,0.45384473,-1.4678531,0.8883281
89,0.23232087,-0.0582623,1.0,0.0,-0.33920115,-0.090193115,0.09884978,0.0,1.0,-0.59626216,0.59402657,0.34213585,0.67110044,-0.9336469,0.6981233,-0.2684236,-0.105329715,1.2693039,1.5149238,-1.742007,-0.7749391,-0.9211147,0.67532456,0.62569886,0.74050033,0.57989615,-0.72431135,0.9521552,1.2959746,-1.1447512,-1.7145455,-0.22952835,-0.9392954,-0.7965296,-1.0950607,-1.4544383,-0.49637082,0.30093378,0.7361415,1.3351854,1.4822091,1.3994616,-0.28665936,-1.4184415,1.1504116,-0.5645526,0.93681115,-0.5802271,1.498258,-0.4161917,0.11434584,0.026728002,0.3761197,0.027810274,1.2940794,-0.83332294,1.0451558,-0.77372295,0.68548816,1.0117166,1.6727062,0.19433935,0.02531297,-0.09243363,0.63885605,0.38882485,-1.0912853,-0.21639994,-1.6755856,-1.1931746,1.3512447,-0.8643493,-0.38526338,-1.4576297,-0.106575266,-0.7459375,-1.1429973,-1.5159463,0.8538413,0.62305796,-0.117831275,1.3664278,0.22888945,-1.3775178,0.6343198,0.24419224,-0.23514222,1.1707581,-1.2592385,-0.273131,-0.3116402,-0.46318856,-0.18169002,-1.4656842,0.5139175,-1.2295592,0.76219314,-0.4354317,-1.1685818,0.6016224,-0.94337934,0.76340973
90,0.64740646,0.88638365,0.0,0.0,1.5356761,1.0296925,-0.13757667,1.0,0.0,-0.40748683,1.3776476,0.6349001,-1.4567059,0.05206325,0.07802438,0.14738561,0.17524882,-1.421475,-0.070001714,-1.2759215,1.3914542,-1.2053272,1.4265217,1.4451162,0.11831937,0.5714684,-1.6230568,0.6343645,1.3128041,1.6115737,-0.041236218,-0.88546926,0.5646405,-0.10835755,1.5971307,-1.0000964,-0.07670565,-0.80236715,0.043287955,1.0696388,0.6901416,0.81750387,-0.043405544,1.6659751,-0.47620645,1.6949852,0.028051099,0.68902606,-1.5599443,-0.0024699199,0.5253355,1.2165991,0.37085938,0.6994876,1.6412898,1.4066023,0.79010373,-0.4315473,-0.5955032,-0.2644503,-1.5639286,0.9346507,0.022673124,-0.997261,0.89239717,1.2421978,-0.73115337,-1.2368882,-1.4741199,0.7299257,1.1655797,0.8317187,-0.30652922,1.4387511,-0.08009182,0.020241287,-1.6917175,0.13271937,0.8039681,-0.45237458,-1.6060044,-0.31819233,0.6130105,0.2264462,-1.6414288,0.07126133,1.3133852,0.39829984,-1.4970514,-1.2225441,-1.2884066,1.2793764,-0.19688413,-0.576779,1.7473633,0.55440664,0.6669175,-1.2286215,-1.4503498,-1.6194326,0.19107288,0.10951373
91,-1.0284307,-1.0319804,0.0,0.0,-0.41285676,-1.2317421,-0.74900097,1.0,0.0,-1.195717,-1.6707354,-0.5708129,0.96503294,0.7628824,1.7759556,1.4138834,-1.0092648,-1.6777402,1.3374894,1.4972898,-0.39042392,-0.2838867,-0.9118637,-0.5296084,0.94001204,-1.4352945,-1.591225,-0.664339,0.0048811226,-1.727903,-1.2624003,-1.1018955,-1.5093633,-0.8278185,0.23343155,0.66165817,-0.2113427,-0.15001534,-0.065130614,-0.361519,-0.7986681,-0.7794779,-1.0586596,1.5466292,-1.4634545,-0.5604921,1.3596268,0.24403675,0.32356974,0.0048926654,0.46566865,1.3507746,0.6963653,0.5008549,-0.7434956,-0.024165351,1.5570538,1.0585433,0.7756179,-0.28059986,0.7103454,-0.78979695,0.22535132,1.5748835,-0.5305295,0.49489856,-1.1432527,0.86531156,-0.91082054,-1.1618155,-0.10799755,0.55946,-1.3863626,0.17147459,0.8381014,-0.8559199,-1.6459448,-0.5766983,1.2993406,1.2358779,1.3402872,1.2378778,1.5547992,1.0091618,1.1379931,0.7932304,1.1903453,-1.5283676,-0.91517466,0.98478806,0.31810978,0.5592098,0.7654405,-1.2241813,1.2808797,-0.81110126,-0.5964731,0.847051,1.1047521,0.8467169,-1.4081868,0.7028675
92,0.29212674,0.70364213,1.0,1.0,-1.2908295,0.5022516,0.91658384,0.0,1.0,-0.74581814,-0.84619534,-1.3026564,-0.9388296,-0.27732027,-1.0474827,-0.30376765,-1.6587036,-1.4992934,0.9224679,1.0233333,-0.259136,-1.2163482,-1.0553902,1.1570469,-0.37051123,-1.5049043,-0.851412,1.5480498,1.269778,0.7452026,1.2502142,-0.6241284,-1.0491055,1.1719124,0.558197,0.86009955,-0.4044678,1.632259,0.54661447,-1.3019851,-0.29145715,1.1607356,1.7590997,-0.24740833,-0.6297068,-1.708481,-0.24608673,0.3343345,-1.025475,-1.0662099,0.67377186,-0.07401859,-1.3254365,1.1525329,0.008720126,1.2042989,-1.258092,0.786726,-0.8794522,-1.039287,-0.5661235,1.1742711,-1.4617909,1.5698113,1.4570659,1.2235409,0.35677502,0.38960254,0.6932075,-1.3249627,-0.27742633,-0.19344221,-1.3677773,0.89004296,-0.5385948,-0.23935044,1.5826323,0.20595022,1.3537427,1.349819,-1.4133124,1.0177722,-1.5755478,-0.923519,1.6579865,1.674733,1.027914,0.34453964,1.0855653,0.5073082,0.5417089,0.5117767,1.7069792,0.82509595,-0.34972155,0.15053143,1.391997,0.5020382,-1.7248741,-1.4375763,-1.2904699,0.331849
93,0.30545166,0.3261917,1.0,0.0,-0.07051694,-1.0868134,0.31410056,1.0,0.0,-0.96646976,-0.21243572,0.74404514,0.25277686,-0.78718257,1.0249869,-0.6529863,-0.6870742,-0.57718647,0.7936484,-0.05992588,1.0107461,1.0810764,-0.4470429,1.0797466,0.13923755,-0.10132174,-0.40320495,-1.6268773,-0.09006501,-0.3810677,1.1482902,-0.7319454,0.5908751,-0.8757095,-0.36299214,1.1738919,1.5657376,-1.0673542,0.7897755,0.14234856,0.856043,1.6682733,-0.21356499,-0.4093295,-1.0200357,-0.3738146,0.9325722,-1.2028342,1.251468,-0.27335972,1.015559,1.4768604,-0.6990587,-1.1906496,-0.24542277,0.8619446,1.4256711,1.6807684,-0.59618473,-0.5306535,0.016606458,-1.4201847,-0.9448306,-0.27982584,0.31040427,-1.1690415,-0.10833147,1.4259589,0.9790635,-0.7311385,0.115437694,0.55124974,-0.9571523,0.150721,-0.18528658,-0.21159525,1.0049498,-0.53794104,0.18377492,-0.03276131,-1.6123091,0.15771358,-0.039999265,0.11045846,-1.3967513,-0.8454521,-0.14731412,-1.6903672,0.9876049,1.186267,-1.7051204,0.67429703,-0.12947875,0.9544251,0.020665029,-1.5102122,-0.85597736,-0.13434306,-1.6356366,0.88610506,0.78269154,-1.6185669
94,-0.6604902,-0.5972935,0.0,1.0,1.1617441,-1.4196271,-0.5680016,1.0,0.0,-0.15158969,1.5037692,0.10442692,-1.1737335,1.092474,0.48627275,0.6657152,-0.23626426,1.1694698,0.96585333,0.37413657,-0.1904853,-0.17984338,1.120047,0.6593662,0.47809857,-1.6317569,-0.42386934,0.2587316,-0.11474322,0.7841008,-0.7336725,-1.0592804,-0.008674097,-0.08142216,-0.3941791,1.1683016,0.4827471,1.4429712,-0.6153987,0.37703428,0.8756761,-0.23031346,-0.83269835,-1.5540808,-0.47365165,-0.31352323,1.0378582,1.3945483,0.16366053,-0.22129785,0.44908363,-1.5544686,0.38592723,-1.1702976,-0.62779737,1.3602352,-1.3215396,-0.6698676,-1.6835717,-0.98322266,-0.9121678,-0.642613,0.15979384,-0.09294996,-0.2083144,-0.76443195,-0.22054942,0.30893242,1.5037261,-1.1028057,0.5059249,0.99187064,0.8156174,1.486388,1.0950319,0.06786151,0.3081703,-0.31275234,-0.14283034,0.066306494,1.6868813,0.86010456,-0.8618664,0.36924675,-0.5995575,1.1202803,-0.55807644,-0.07677216,-1.2523509,-0.12940685,1.6159887,-0.07482884,0.7271363,-0.46069798,-1.4414376,-0.21566153,0.60772175,-0.089676775,-0.18800884,1.1721448,1.6923976,0.2267478
95,-1.0334858,-1.7693409,1.0,1.0,0.20942155,0.94568133,-1.6096239,0.0,0.0,-0.79090255,0.7642858,-1.1325254,-0.8307375,0.99434423,-1.591677,1.2636027,-1.1597357,0.6097054,-0.52631277,-0.67114776,0.12864897,-1.670725,1.3160093,0.22183399,1.5396576,1.4149565,0.84398127,0.073329456,-0.6881136,0.29268554,-0.80760056,-0.53355294,-0.7158925,-1.4032016,0.7923494,-1.4118199,-1.0665958,0.4094121,-1.6294613,-0.6602211,0.4240715,-0.81004393,-0.12745821,-0.7656935,0.7375683,-0.345596,1.6494267,-0.43250683,1.4803399,1.0423632,1.303557,1.6428527,0.5983172,-1.7069422,-0.47325656,-0.7095405,-0.16451932,1.3309965,-1.4408807,1.4603931,-0.7373717,1.2393882,-1.2375312,0.46138623,-0.5213175,-1.0959308,-1.5150245,-0.3284451,0.27911922,1.469528,0.33990672,-0.035540365,-0.34069332,1.3665704,-0.28224358,-1.0148377,-0.0036551428,-0.2217739,-0.8834636,1.5658464,0.6419088,0.029748544,0.9320547,1.238122,-0.46722287,-1.3864911,0.94877666,1.4590861,0.5310059,-0.2674943,-1.3891298,-1.0834129,-1.468911,1.3298253,-1.6608303,-0.6199852,-1.6370008,0.94383144,-0.6817995,0.41504723,-0.94773555,-0.92278355
96,0.24357305,0.85230947,0.0,0.0,-1.4183896,-0.19430219,1.0933924,1.0,1.0,-1.031692,-1.6750636,-1.0018586,-1.1693753,0.25441325,0.03456896,-1.040038,1.1812809,-1.4115458,-0.6243992,-0.15057383,-1.1655055,-1.0895392,-0.90459675,1.1177628,0.95142466,1.0003039,0.19895382,0.37025353,-1.526846,-0.70092446,1.2555912,-1.4117769,1.6784304,0.66181093,-0.7214332,-0.57094765,0.767332,-0.39933515,-0.6372659,0.8827704,-0.43164432,-1.0052593,-0.71750593,-1.0393832,-1.3916619,1.5042704,0.38299453,1.5279231,1.2583132,-1.2788993,-0.67497784,1.0923287,0.39949647,1.5079129,0.99339134,1.0555633,1.7296821,-0.48467922,0.033021282,-0.7886845,-0.22736025,-1.34728,0.9670903,0.37995094,0.41217607,-0.38578168,0.8452788,1.0773808,1.5628939,0.87403643,1.3999771,0.6409798,-0.90207,1.4761403,0.29492944,-1.6934836,1.5626414,-1.7115834,1.3443654,1.0204129,-0.09399438,-1.0088493,-1.0182645,0.18095012,1.3496665,-0.61607486,-1.2891269,-0.02558924,-0.13601087,0.07792225,0.37963355,-0.07080031,-1.5246412,1.1294211,-0.24139456,0.26714796,0.7913665,0.35043228,-0.58598393,-0.45406693,-1.2113112,0.38948974
97,-1.1431521,-1.1319802,1.0,0.0,-0.9079362,-0.3366708,-1.3114172,1.0,1.0,-0.6975688,1.4588792,-0.42573074,-1.6517702,1.1257664,1.7496282,0.52041435,0.8307841,1.279648,0.77627337,-1.1130857,-1.6552695,0.27000546,-1.1325502,1.5067062,-0.8948253,1.5209819,0.025542706,-0.43447742,-0.532152,-0.2372137,0.75377274,1.7862436,-0.30386877,-0.74899477,0.70528984,1.4790375,-0.471194,-1.085896,-1.2240809,-0.9014699,1.6545607,0.8886562,-0.94432324,-1.7485436,1.1763952,-0.71488506,0.15670668,0.88923967,-1.2667397,-1.1438674,-0.8943352,0.6764615,-1.5693038,1.4230715,1.3311396,-1.1332644,1.6174767,-1.7318882,-0.9701677,0.25743243,1.3125775,1.6856968,-1.092673,-0.080214016,1.5795693,-0.6639433,-1.3863133,0.039258577,1.0470926,-1.5806054,0.74391145,-1.0497395,1.5588849,-0.40873754,-0.24830727,0.9243175,0.5314513,1.0925102,-1.2741061,0.4062561,-0.1501439,0.620174,-1.1682438,-0.6041583,1.3249193,-1.5561816,-1.6555854,0.6068156,-0.73837745,1.6473417,1.0332838,-0.14315645,-0.36831596,-1.3267771,-1.3589641,-1.237435,-0.075558096,-1.584007,0.9396063,0.5275037,-0.70720094,-1.5538322
98,0.7273682,0.5513844,1.0,1.0,0.096791305,-1.6789134,1.3494009,1.0,1.0,0.54334134,1.6770134,0.5988437,-0.9606562,1.4606833,-0.39566568,0.32461473,0.39525625,-1.2957674,-1.3969004,-0.25050062,-1.1834847,-1.4199344,-1.1485431,0.89663976,-0.24989036,1.4895802,0.9328416,-0.5899348,-0.7003216,-0.7769043,-0.36947298,1.4979146,-0.45426124,1.4031222,-1.6924945,1.6662027,-1.3820218,-0.23693155,-1.2766551,-1.1598072,1.1441662,0.54548275,-1.1823361,1.0367779,1.3584536,-1.0918887,-1.1751568,-0.40358785,1.6008642,1.2882192,0.98416793,1.3278025,0.10014711,1.0525268,-0.14746788,-1.6248531,0.000961551,-1.1932973,-0.31548974,-1.3380963,0.08690968,0.34155837,0.55101234,0.076777995,-0.9836509,-0.164907,-0.1796264,-1.559684,-1.6811364,-0.8771612,0.9150995,1.4202282,-1.6412218,1.6120663,-1.0977435,-1.6584167,1.46036,1.2383976,-0.8603815,0.21040922,-0.9732176,0.8315575,-1.4302893,1.6303384,-0.21281977,-0.9126818,-0.25381947,0.93561655,0.03323554,-0.6432395,1.3814601,-0.08523356,-0.65260816,1.3280944,0.92803794,1.3606031,0.20930278,-0.28519392,-0.59840435,0.13461854,-0.640626,0.6418868
99,0.40006277,0.97159636,0.0,1.0,-0.8765003,0.04101048,1.3995718,0.0,1.0,0.87799335,0.03210691,1.590601,-1.6411382,0.6882127,1.5569332,0.25358903,-1.5380678,1.3436141,0.34334955,1.4398103,1.6177232,1.6365033,0.48294535,-1.5993158,-1.3704923,-1.0618709,-1.0279799,0.03593732,1.2166102,0.70475787,0.3753055,0.54661196,-1.0105648,0.2053064,-1.1549355,1.0695784,0.7368803,-0.9372997,-0.82120746,0.35795662,-0.24152888,-1.5790262,-0.6762978,0.64709824,1.6861968,-0.90661734,-0.34267288,1.2712547,0.14531797,1.5013078,1.7032635,0.73283786,1.645751,-0.60169166,-1.0194215,-1.4860884,1.4684381,-1.0199918,1.1574978,0.4136129,0.15713246,-0.769745,-1.4651965,-1.4247094,0.6855538,0.9113331,0.37741032,-0.87623066,-0.5504003,1.626506,-0.52613914,-0.5279727,0.88037634,1.3700887,-0.7861379,0.40361136,0.2645123,-0.051167827,-0.71543676,0.80516005,1.0637059,1.3445741,-0.3392265,-0.6935134,0.5388745,-0.30429882,0.5843864,1.81374,-0.96457845,1.5439358,1.7065055,-0.50414175,-1.02012,-0.5220836,-1.4294845,-0.10395897,1.1706725,-0.83168715,-1.0855798,-1.4305488,-0.7618957,-1.2956593
100,0.7379177,0.9876778,0.0,0.0,-0.34562317,0.80645823,0.94739807,0.0,1.0,-0.5022815,-0.048212636,-1.3267936,1.0328187,-1.6171262,-0.8535215,-0.9777028,-1.540737,0.5191641,0.14965528,1.7627168,-1.5175247,0.51560694,-0.9215803,-1.2897356,-1.076796,0.6129048,0.12505311,1.1340032,0.28243265,0.3130136,-1.1184336,0.16219522,-0.7824283,0.5397897,-0.7154479,-0.31257072,0.80366004,0.04334368,-0.1861795,-0.3078817,-0.9821008,1.2024012,1.5361918,0.56086165,-0.5866515,-0.4434051,-0.23855764,-0.47303313,-1.0136368,1.3435972,1.508051,-0.7749678,0.7606075,1.3229815,0.51530415,0.10515834,-1.4154525,0.5179913,0.8186322,0.7286973,-1.2401756,0.5283792,0.7639929,-1.2224951,0.28961298,-1.4727522,-0.8698266,-0.8673481,0.50547016,0.704462,-0.04720963,-1.6937485,-0.51806664,1.3729696,-1.082888,0.4913736,-0.8773982,-0.5797173,-1.0783515,-0.9362178,-0.11606775,0.38850233,-1.6346235,0.80568063,0.573875,-0.5300788,-1.0863812,1.5739058,-0.040966365,-0.4833219,1.3500204,-1.0471941,-1.5149487,1.4572282,-1.2414595,-1.3151778,0.2543002,-1.5185736,1.4500211,-0.2768263,1.0356128,0.22581552
101,0.17918006,0.2858544,0.0,1.0,-1.4251119,-0.91585624,1.627678,0.0,1.0,1.4401002,0.20598954,0.8113727,1.3431869,-0.7701185,-1.3827977,-1.2365514,-0.115627535,1.4789054,0.94935405,0.30965367,-0.34832242,-1.5552794,-1.2105664,0.4267616,-0.6499127,-0.35924965,-1.6207365,1.5081211,0.38307133,-0.9463596,0.9579486,-0.8336928,-0.1557943,-1.6445564,0.45359805,-1.3832567,1.6541938,-1.1142352,1.2763555,-1.3212677,-0.024999443,0.16953899,-0.19808485,1.0873538,0.89083767,-1.0601066,-1.3689755,-1.2313211,1.3765317,0.3661516,-0.8815572,-0.77633643,0.85591274,1.4335787,-1.5610573,1.2680374,-0.36980462,-0.06619395,1.59612,1.7479591,1.1407483,-1.3561218,0.27057272,0.018397635,-0.36845204,0.8966507,-1.563758,1.3834327,1.5216138,0.8574948,0.6334514,-0.6543397,1.3317565,0.09834731,-1.3404669,-0.534424,-0.33461395,-1.47377,-0.30807078,-0.33064276,-0.6344861,1.117883,1.39091,-0.62861633,-1.0742568,-0.71078014,-1.6066662,0.48625916,1.4685621,0.29586795,0.2222758,1.3284117,-0.8821437,-0.3335265,0.93945843,1.0837637,-0.6412398,-0.26745474,0.8733599,1.6828609,1.6269429,-1.06012
102,-0.41396606,-0.20041798,1.0,1.0,1.5313452,-0.338689,-1.1380018,0.0,1.0,-0.21476665,0.43714964,1.0369699,-0.30570146,-0.75676125,-1.1051809,-1.4480586,0.91841775,-0.26452893,-0.39557368,0.41786975,-0.95369035,-0.19608033,1.4649295,-0.608532,-0.9593236,-1.4314858,0.3892436,1.7710233,1.6752996,-1.2822819,1.8491904,1.7772413,-1.3416289,1.3670359,-1.6382619,0.25686756,1.3009398,-1.6237729,1.3246691,0.53643584,-1.5948343,-0.41728294,0.7942799,-1.7030705,0.6572354,-0.7377304,-0.2273091,-1.0719074,0.6459287,1.4323497,-0.76777214,-0.0846257,-0.45848012,0.8656702,-1.2564249,1.4479902,-0.58413523,0.5006693,-1.3540448,0.89127284,-1.1524863,1.3333617,1.4414312,-0.8311676,0.3105355,1.39891,-1.0843388,1.1725054,-1.6008418,-0.15185021,-0.45908228,0.9924848,-1.3678181,1.2246398,-1.5724895,-1.6273386,-0.51048976,-1.6013569,-0.6754491,-0.58540195,1.6910576,-0.8738046,0.7570963,0.6428338,-0.5135514,-0.28989428,1.3011373,-0.10826999,1.7924582,1.4870156,0.46602973,1.1614066,1.4967176,-0.07434205,-1.5885532,-0.19012822,0.9557874,0.33969626,0.6923484,0.21371445,0.4036709,0.990546
103,0.98987484,1.017354,0.0,1.0,-0.031726994,1.5270792,1.3625869,0.0,0.0,1.7208227,0.9910891,1.1325864,0.06339547,-0.9877952,-1.2650139,-0.38289705,-1.2324328,-1.4497172,0.63601965,-1.2198701,0.118297875,0.18954195,-0.5865697,0.57556516,-0.8712825,0.10332208,1.1848326,-0.14726672,1.2848715,-0.90596,0.1401494,-0.5667129,-0.12873739,-0.6562483,0.36516532,0.066303134,1.4695624,1.6145023,1.2573937,-0.3289444,0.9099871,1.0149003,0.7183015,-0.026021387,0.48873726,-0.39644545,1.6009789,1.4316701,0.569193,-0.951874,1.4443048,1.026643,-1.6035309,1.249164,1.5985498,1.3783802,-0.31807992,0.09132492,0.86085474,-1.1703911,-0.23678516,1.5414541,-0.27892348,-1.718771,-1.2301698,0.96277535,1.3516563,-0.19240353,1.6591897,0.10215618,-0.22556081,-1.5843496,-0.2683369,-0.11758151,1.0562027,-1.3984549,1.2311893,-1.3538281,-1.6789385,1.0067604,-0.9185437,0.9056558,1.2038249,1.34999,-1.188557,0.54253453,1.3881117,-1.4856004,-1.2389661,0.44241977,0.070530206,0.5855008,1.0494329,-0.8085821,1.5873926,-0.2098668,1.2754322,0.7954515,-0.44000623,-1.1157134,-1.2211165,1.0010082
104,0.36647335,-0.10988891,1.0,1.0,-0.099332795,-1.2958289,0.88861245,0.0,1.0,-0.2954029,0.48660964,-0.6838512,1.5312448,-0.6243998,1.4333683,0.56364965,-0.6142615,-0.4523896,-1.264185,-0.57609755,-0.12079569,0.104561076,-0.9342257,1.5633523,0.027703483,-1.4812586,-0.022553965,0.8427472,1.5908343,-0.053152215,0.36904413,1.0953797,0.9890993,0.2104792,0.3296525,-1.5590633,1.543076,0.6754399,-1.663448,-0.7312833,-1.364693,0.6208269,0.02481094,-0.89998984,1.0074041,0.9603874,0.5134867,1.1473308,1.0042391,-1.6109968,0.9243967,-1.0404565,-1.6780182,-0.55091596,-1.1688856,0.18688989,-0.9396734,-0.7650485,-1.436042,-1.4617759,0.9821253,-0.75034964,1.1211247,-1.8209178,1.4040956,1.105024,1.1465786,-0.66682804,0.8952733,-1.2019994,-0.94116837,-0.41845596,-0.49752408,0.89404875,0.35597518,-0.8722895,-0.49238092,-0.7914953,-1.519283,-1.3273153,-0.52957326,-1.59356,-0.40662658,1.2459695,0.24272609,1.7601436,0.11883859,0.7689588,-1.4202477,-1.6153722,-1.5596635,0.3236114,-0.7663124,0.40854543,-0.8942785,-0.6585865,1.4815583,-1.5290108,-1.4209756,-0.25073877,-0.55399007,-0.8148794
105,-0.90434664,-1.4709065,1.0,0.0,-0.39348957,-0.938801,-1.1048514,1.0,0.0,-1.2626897,-1.4317355,0.11663273,-1.6640795,1.3618337,-1.4818505,0.8529659,1.2816784,1.402843,-0.23948152,-1.7178894,-0.49372646,-1.2265751,-0.2516713,0.81756735,1.436024,1.4911164,-0.94788206,1.7457815,-1.1913193,0.7510337,-0.35052672,0.7569866,-0.45676437,-0.5662551,-0.7401948,0.49513778,-0.08655551,1.2013472,-1.5633435,0.46092755,-0.83180106,-0.22103363,0.35934716,-0.17532788,-1.4796437,0.537986,-0.8077523,-1.0394388,-1.7291689,0.35804105,1.196004,1.5020841,-1.3306288,1.6632164,-0.15950331,-0.43058714,-1.2518264,1.2399493,0.57569045,-1.4810406,1.3645041,1.4644762,-1.0207582,0.91546357,1.7264516,-0.82734,0.7841789,-0.8122278,-0.07373569,-0.06867461,-0.33667758,-1.3677936,1.1797401,0.17521974,1.0881011,-0.015077497,-0.38089806,0.9832967,1.2165445,-0.11843991,1.5764569,0.8012729,0.14375144,-1.382026,-0.22338648,0.45858347,1.1562977,0.15667497,1.6118145,-1.277137,0.12561475,1.7565045,1.7119691,0.10495672,-1.3551266,0.93379974,-0.30009398,-0.74843794,-1.3468096,-0.4232119,0.73825204,0.57943875
106,-0.1836563,0.22576408,0.0,0.0,-1.176897,-0.16964391,0.42670044,0.0,0.0,-0.2639836,0.35665613,-1.4045498,-0.8096159,0.97285724,0.60728467,-1.5837493,-0.3107051,1.402421,1.5845416,-0.6565531,-1.5351822,0.7108266,-0.09485739,-0.4450472,0.6987143,-0.14158548,0.6868441,-1.186946,-1.5364645,-0.91432774,-1.0309136,-0.45914572,1.6492453,1.2638832,1.5548918,0.589439,-0.5534641,0.1517907,0.20132993,1.7530133,1.0621623,0.71207184,-0.13419867,-1.1170748,-1.6426544,0.83640367,-0.16127409,-1.318315,0.7287308,0.98637944,-0.5278067,-0.892054,1.3902181,0.55807525,-1.1097076,-1.1188949,-0.114068255,0.3730743,-1.4523758,-0.22914599,1.1861839,-1.5657685,1.6882408,1.5989057,-0.27773288,1.4575846,-0.22917236,-1.2180496,-0.1867385,0.7674074,0.4532559,-0.30197847,-1.5208362,-0.22407344,0.93361723,-0.046031035,-1.4822375,-0.02886643,-1.1750102,1.034248,1.5940619,-1.3096086,1.2750417,-0.62919474,-1.6059004,0.1820645,-1.6653858,-0.61886334,1.5146546,-0.2025849,-0.4647873,-0.9978134,0.4984494,0.66140336,-0.7287934,1.2568992,-0.5431135,-1.2130045,-1.6717811,0.21883292,-0.76363707,0.9327806
107,-0.41216424,0.05725902,1.0,1.0,1.3794085,-1.0649161,-0.8778103,0.0,0.0,0.61456764,1.2968761,-0.36647806,1.6430769,0.6353489,-0.14308503,1.064777,-1.0550159,0.47768253,-1.0455246,-0.16820851,-1.4028463,1.0043536,1.3350934,1.1662536,1.1130102,0.87809855,-0.3182149,-0.48522744,1.6578802,1.0984203,-0.4621097,-0.9336019,-0.33638015,1.5363803,-1.3636198,1.6429495,0.40478554,1.1138531,0.56200874,1.5207756,0.7047243,-0.7820863,-0.32870087,1.1922848,0.022152318,-0.26366124,-0.76296556,-0.89664805,1.241838,0.3427625,-0.7647112,0.039097123,-0.9829016,-0.17927533,-1.5356945,-0.6504532,-1.4705275,0.25958878,-1.1375666,-0.41765887,1.5545827,1.358538,-0.67713106,-1.5825948,0.97560096,-0.64021605,-1.2758124,0.15444085,-1.7246927,0.7685031,0.5279553,1.1215204,-0.45384416,1.0238881,0.87006783,-0.447707,-1.0346642,-1.4115391,1.2356349,-1.7378703,-0.3258505,0.1671957,-1.0017984,0.5168803,-1.1173922,0.03221725,-0.93761337,-0.30790132,-0.29717818,0.8076384,-0.25473905,1.5733097,0.855384,-1.7090259,-0.247843,-0.9717337,0.32033518,-0.11836502,-1.3189393,1.5986137,-0.70856005,1.5509478
108,-0.3245278,-0.084107526,1.0,0.0,1.3886107,-0.94992113,-1.2299478,1.0,1.0,-0.98934823,-0.8600211,0.24237338,0.95217836,0.146169,0.331874,0.20656362,-0.42200074,-0.7884051,-1.0791429,1.0974877,-0.9134857,-0.44616896,-1.0143558,-0.5157883,0.20293863,-0.77441204,-1.650597,1.3662802,-0.039992068,1.4725091,1.7058587,-1.2151769,1.4666789,-0.41220388,-0.07801876,-0.6109243,-1.5260717,0.10921665,-0.33423302,-0.3179875,0.77861035,0.6074864,-0.6142028,-0.11264529,1.3198733,-0.6336268,0.49720478,-1.0877849,0.5086796,0.56750566,1.340832,-1.1337173,0.95610404,1.3675791,0.7824762,-1.227459,0.16061,-1.6285349,0.20150381,-0.16885574,-1.4110662,0.21965013,-1.5675429,-1.7345259,-0.827859,-0.9258263,-0.2464966,0.7997741,-0.6985784,-1.421012,1.2403655,0.17541973,-0.12543994,1.2588117,-1.04071,1.6862303,-0.60262054,0.50443107,1.331968,0.23051435,1.3015779,0.85650146,1.2918108,0.8938778,1.1141808,-0.45200354,-0.45131022,-0.98728687,0.07340602,1.53807,-0.2138347,-0.958743,-0.011062405,-1.7486987,1.0829592,1.3963296,0.51173,-0.21394786,1.1807287,0.7385816,-0.6062833,-1.0361
109,0.377865,0.51539373,1.0,1.0,-0.83104104,0.16639176,0.8875495,1.0,1.0,1.5149385,-0.9252429,-0.9693165,-0.14518332,1.1496056,-0.40115893,0.15270975,0.8565508,-0.83458555,1.4982266,0.6350945,-0.50306094,1.4683825,-1.0772789,-1.1473985,0.39447683,1.590324,1.5918177,-1.6263446,-0.40869686,1.1186205,1.2825195,-0.99578017,0.798726,1.0147667,0.51483864,-0.84069854,0.6393109,-0.0046932185,-1.3357718,-0.20165738,0.81835145,1.2383246,-0.19063966,0.003853999,0.35411832,0.880268,-0.29167366,0.49849784,-1.5275881,-1.1783842,-0.40015605,-0.7149125,1.427249,-0.34894413,1.6506003,0.1526717,-1.3473179,1.1901873,0.6289559,0.3926655,-0.40541276,-1.2789265,0.8444252,-0.39951143,-0.9771003,0.78329074,-1.399341,0.38714775,-1.1552378,0.3245124,-0.68838876,-1.1008611,0.046314165,1.1166992,-0.078561336,-1.1559136,-0.11409873,-0.19777851,-0.07064508,0.28745222,-1.0591023,-0.9047697,1.6851889,-0.65554047,-0.062327787,1.6586503,-0.43867564,-1.5560315,-1.2336998,0.048385557,-0.7729574,-0.758717,0.37595555,1.3032589,0.6083039,0.023385772,-1.7580249,1.296125,1.4630256,-0.39184317,0.57906836,-0.99189824
110,0.9924565,1.4244754,0.0,0.0,-0.30816418,1.0163105,1.1996394,0.0,1.0,1.3248366,-0.9300496,0.55089736,-0.928877,-0.1960268,1.0207052,0.16552395,-0.66353697,-1.4238968,0.31443402,1.1259261,-1.5932794,-1.1161635,0.3252021,-1.3299706,-0.73593044,-0.25905368,-0.6920536,1.4793159,0.9494886,1.2296735,-0.17139661,1.6129037,-1.3117279,-1.1847969,-0.67761457,-0.11627235,1.7306187,0.06652737,-0.74702245,1.4071325,-1.3867836,-1.3995498,0.7333945,0.834588,-1.4227332,-1.2115234,0.55327594,-1.6405252,-1.0032945,0.20786451,-1.6341358,-0.8296278,-1.1942645,-0.7271232,-1.7004128,1.1186458,-0.49766147,-0.8123784,-0.5806145,-1.3214501,1.2817708,0.048269473,-0.35132226,0.97268903,-0.027622145,1.080606,1.2767725,-0.24138875,-0.66528857,-1.1460476,-0.54098374,0.6616209,1.7264628,1.3649572,-1.5205637,1.2334228,0.0069136485,0.27498826,1.6141764,-1.3112996,-0.21049532,-1.4616666,-0.10973151,0.7894302,-0.27405286,1.1521378,-0.5989951,-0.99011624,1.3857603,1.295413,0.076372735,-0.2845984,0.26159742,-0.27722657,-0.98304987,-0.24317688,-1.0767585,0.88725287,0.7898199,1.1687672,-0.16713054,0.89294106
111,-0.98423606,-0.47040078,0.0,1.0,0.87012297,1.2803094,-1.5226566,1.0,0.0,-1.4910954,0.0832551,-0.60275084,-0.49281538,-0.49497738,-0.7967283,0.5349539,-1.2289768,-0.0131965345,0.5491827,0.8123745,-0.23243451,0.42217973,-0.8601417,0.8558138,-1.4912847,-0.2986726,-0.4640046,0.69895613,-0.8736543,0.9225125,0.8308265,-0.22354653,0.6955864,0.32317385,1.3260006,0.750483,0.69628596,0.048280235,-0.35049382,-0.651456,-0.6318287,-1.6049116,0.8390661,-0.2156579,1.4624469,0.94756293,0.9417776,-1.3756579,-0.09464075,-0.7259886,0.5956847,1.1963118,0.23494631,1.3123349,-1.7052143,-1.0651488,-1.0845287,-0.23629743,-0.061559148,-0.40330422,0.33850184,-0.86214733,1.654413,-0.035521377,0.5599002,-1.6763086,-1.3170874,-1.5388734,-1.3664495,-1.3740149,0.38042596,-0.097828686,1.3318999,-1.6114312,1.7240087,0.026406495,-0.94428647,0.06692219,-0.08404547,0.7949988,0.034436215,-1.2193772,-1.7183193,-0.7772485,0.86234117,0.7026255,0.5080408,-0.46067643,1.4052035,-0.007172039,1.5520886,0.8907344,-1.6041938,-0.38212788,1.6291039,-0.9385782,-1.1035919,-1.2291728,0.10634759,0.79140675,-0.8561001,1.3052955
112,1.5505797,1.7386345,0.0,1.0,1.4499947,0.25026146,1.6799381,1.0,1.0,0.92726135,0.5879212,-0.35700288,1.1131959,-0.6654654,-0.6208217,1.0385027,0.0005439515,1.3942373,-0.65101135,0.6743739,-1.0094256,0.8491703,-0.6722089,-0.07286336,-0.5068727,0.85116637,0.10827852,0.5700282,1.3978261,1.4716446,-1.4544247,-1.070481,-0.7245311,0.87336886,-0.5819992,0.13068166,-1.1515518,0.79831433,0.60966843,0.88107437,1.62821,0.22919926,-0.097156264,1.5313768,0.41113648,1.550985,0.14494084,0.47760928,0.051253837,1.7752458,-1.4826369,-1.5298826,1.1464245,0.3147587,0.99680895,-0.36825734,0.07358976,0.087394096,1.0925611,-1.1298534,1.3728752,-0.04433486,-0.40478918,1.4973451,-1.17514,1.2850947,0.6593775,0.306504,0.77349687,0.24051847,-0.9801143,-1.0994208,0.40531734,1.1307734,-1.6548932,1.4810903,1.5690134,0.664993,-1.137203,-0.9240494,0.81571674,-1.644188,1.3512863,-1.7099133,-0.9781255,-0.1797116,-0.16496596,-0.38944817,-0.46246973,-0.85497665,1.6084144,-1.7115486,-0.18030691,1.3947678,0.30640188,-1.5370972,0.61650145,1.0019205,-0.37154257,-1.5473535,0.017909927,-0.15405028
113,0.6777653,1.1223986,0.0,1.0,0.6017316,-0.038559828,1.0552174,1.0,1.0,-0.57588273,-1.2437027,0.9987366,-0.6552988,1.5651145,1.8395306,-1.5763507,0.15710637,-1.3407431,0.63084424,-1.4758574,-0.04978142,1.4104344,1.1634384,-0.47534862,1.3463111,0.13364075,0.4555124,-1.6260583,-1.6313177,-0.989897,0.28524837,-1.4092886,1.3933374,1.2567784,1.4164232,-1.1619085,-1.2056022,-0.29382843,1.7177247,1.2538157,1.6451975,-1.31387,-0.2707514,-0.91622585,0.49783048,-0.38609415,1.1975374,-1.1092956,-1.1482509,1.7116923,-1.3752838,0.6736759,-0.88545847,0.6888187,-1.1546006,-1.4751592,-0.59806097,0.5654948,0.9572245,-1.2143222,1.2580211,0.22156021,0.7576713,0.5946016,1.6764288,-0.23287079,-1.1542299,1.4815729,-1.5786902,1.023234,0.63963926,-1.1640394,-1.3043643,-0.051391084,1.0161904,0.2518385,0.68824404,-0.0303311,0.50367,0.49153596,0.9807908,-0.044722512,-0.249254,0.7700173,-0.09053634,-1.5386306,-0.44299716,-0.08361903,0.8757342,-0.8232837,0.8076867,0.11613684,0.8021255,-1.1047887,1.1551617,1.6285785,-1.3178315,1.743634,0.9933177,-0.28272983,-1.5967705,-0.050487634
114,-0.14243886,0.2507147,1.0,0.0,1.5329709,0.12731601,-1.3416532,0.0,1.0,0.49541152,1.2556148,-1.3440195,1.4795951,-1.0935872,0.47129142,0.83637595,1.0509719,-0.55192536,-0.963894,1.3327397,-0.38615474,0.6033624,-0.26631498,-1.247644,-0.7925414,-0.30008858,0.07822895,-0.11347704,-0.06005496,-0.7167714,-1.7181269,0.75108486,0.69138247,-0.029287849,1.2339736,-1.2229172,1.1160921,1.2318884,1.6282698,-0.8618693,0.53213763,0.9473241,1.5521947,-0.7133432,0.83852774,0.53676623,-1.4346197,-1.1036499,0.58295584,-0.5700103,1.0224124,0.032527305,-0.92417634,0.501029,1.2068464,0.4357081,1.4076587,0.67826307,-1.6667762,-0.35188994,-0.49784493,-0.6761009,-1.1340767,-0.63936615,1.6690984,-1.5943478,1.0653206,-0.9238783,-0.80325216,0.80242294,-0.94235164,0.55314535,-1.2485954,1.3581524,-0.54036933,-0.8582974,-0.9257081,-0.33059064,-0.8670151,-1.4326708,1.252081,0.05120732,-1.2501032,-0.52543885,1.8040255,0.63132703,-0.7050166,-1.0223206,0.6298633,1.2092564,-1.1782581,-0.27822703,0.34155488,-0.70479876,-0.7505319,1.4427532,0.8967441,0.3261553,1.2078184,-0.63272303,0.42603254,-0.21146353
115,1.0264062,0.7904753,0.0,1.0,1.2494904,-1.1392864,1.4631411,1.0,0.0,1.3904793,0.54993147,0.16226369,-1.0086287,-1.0804188,-1.1398327,1.4234881,0.6608259,-1.5938947,0.4345462,-0.16427508,0.37657616,0.36139646,-0.26709557,-1.2903621,-0.8339928,0.28677616,-0.66040397,-0.37694952,1.2789758,0.91727734,-0.024178445,-0.5737993,-1.3734808,1.29001,-0.60379654,-0.60045743,-0.044143293,1.3859174,0.7584018,1.5136151,-0.22502577,-1.4475956,-0.63794667,1.0300347,-1.3292243,1.544948,1.307153,-0.24218388,0.82628137,-0.76047593,-0.71867085,1.0678322,-1.7525475,0.20765655,-1.5331589,-1.0153315,-1.1313757,1.7333007,-0.3878004,0.335589,-0.5647881,0.13944048,1.521284,-0.3255158,-0.6293933,-0.29173967,-1.6175511,1.216025,0.99697536,0.028247511,1.3628591,-1.2066785,1.175939,1.2579955,-1.245003,-0.29467013,0.24510723,0.20182621,1.4071668,0.87769485,-0.12774828,-0.9321418,0.06402188,-0.93753546,-0.32552436,1.561614,-1.5645177,0.94066596,-0.88223356,0.41995677,-0.7529318,-0.5609816,-0.19818392,-1.3489162,-1.0254894,-0.35435018,1.1688364,0.49808148,-1.1489761,-0.78144634,-0.09329092,-1.2540727
116,-1.1415943,-0.77931625,0.0,0.0,-0.44075552,-1.299988,-0.862036,1.0,0.0,-0.8791398,-0.42777747,0.2615193,0.49204093,-1.5132581,-0.82421106,0.34177992,1.14856,0.91494715,0.66841716,-1.0411098,0.031634822,0.12679663,1.0328166,1.5932022,1.4172531,-0.0108928885,1.4325163,0.9231803,-1.5948544,-1.2808927,1.5804763,1.4841756,0.59567773,-0.2756521,1.3158102,0.83999306,-1.0053455,1.046331,-0.4923678,0.5503466,-1.2526035,0.3879871,-1.4893509,-1.1343005,-1.3329033,0.6379935,0.8356314,-0.91142786,1.193176,1.5761606,-1.5314982,-1.6807308,0.9786635,0.33508292,0.75702006,-1.1506075,1.7063018,-1.6845053,-0.3165387,0.21492481,0.5986974,0.3956531,0.13396312,-1.5370619,-0.14515093,-1.4588377,0.034835238,-0.10074042,-1.0210466,-1.0381936,1.6109146,-1.3876759,-0.5694027,-0.9132273,1.3149732,-0.84268415,-0.71693575,-1.0001454,-0.64978087,-0.47223303,0.5024262,-0.95483047,-1.2778864,-0.4728319,-1.1172445,0.76619214,1.6687131,1.6711093,-0.6303297,-1.0001712,0.7392946,0.24439296,-1.4858699,-1.4437994,-1.446597,-0.49174955,-0.677718,1.3308605,0.62133914,0.32709852,0.23125094,1.5212401
117,0.94293755,0.48910406,0.0,0.0,-0.21135293,0.8841505,1.1231908,1.0,1.0,-0.38563237,0.28477287,1.0039093,1.6244013,0.3627092,-0.8875861,0.6748781,0.35902473,0.43884885,0.05822205,0.17254102,-1.5996096,-1.574317,1.6787726,-1.6000848,-0.5673024,-0.22215295,0.29660216,0.5926023,0.8245457,-0.7615141,-0.8728237,1.3062605,0.3045333,1.63496,0.17922607,-1.2842841,-1.6550838,-0.8614287,1.0853777,-1.6969134,-1.3431293,1.4137754,-1.4877173,-0.33526397,1.4353049,-1.2567925,0.8515668,1.0827028,-0.737892,1.0851545,-1.4227757,-0.30898386,0.92637104,-1.0885116,-0.54191047,0.73306465,-1.5392556,-1.669731,-1.1150453,0.939116,-1.1859729,-0.6771164,0.93489724,-1.2237065,0.47288814,0.010195829,0.60643774,-1.099615,-1.181191,0.9591176,1.1484457,-0.41052473,-1.6783704,-0.8724962,0.03259481,0.23709896,1.3938143,-1.0839213,1.1642358,-1.2172663,-0.77102333,-1.0463023,-1.5723487,1.6065328,0.253159,-1.4119816,-1.0794115,0.18478136,-1.3735244,-1.1804698,1.6764991,-0.93546647,0.815287,1.5790071,0.62037706,-0.4143899,0.4612695,-1.3869174,0.4335832,-0.8084843,1.6579062,0.55941695
118,-0.6237323,-1.6286147,1.0,0.0,-1.6296728,-0.31060892,-0.30723128,1.0,0.0,0.21119018,-1.1586963,0.58980703,0.96128726,0.107413754,-0.8842753,0.917241,-0.9614105,0.34891868,-0.48689303,1.2760358,-0.35891342,0.074067704,1.3053504,-1.4468384,0.693177,-0.69978404,-0.26408088,-1.491757,1.2859708,-0.2884343,-0.11785337,-0.08625607,1.6487203,-0.109551825,-1.6430949,0.11896493,0.9619469,-0.061703105,-1.5583518,0.34630153,-1.4679809,1.4096977,-1.1245842,1.5504007,-0.5195561,0.92864,-1.4561743,-1.5593137,-1.4427578,-0.7618454,0.8999497,-0.9302837,0.46276844,-0.5311206,-1.6242311,1.4631554,-0.37560135,-0.2545972,-1.0807103,-0.73921645,-0.53610104,-1.5446861,-1.4186145,1.309991,1.1781516,-1.0955417,-0.90568966,1.6430032,1.2514262,1.2486293,-0.9370544,1.2496004,-1.57565,-0.62476826,1.2917951,0.25404435,0.117352135,-1.5457948,-1.3950466,-0.57512105,-1.1452627,1.008181,-0.6348868,0.32574287,1.1328281,-1.6150843,0.6981735,-0.18999626,-1.4131048,-1.6718292,0.8543972,-1.6366321,-0.36971256,-0.22205001,0.3813421,-0.21207619,-0.818139,1.5027906,1.2152187,-0.115690075,1.6083187,-1.1166095
119,-0.10566957,0.19690038,0.0,1.0,0.871802,-1.5950339,0.32266167,1.0,0.0,0.38205898,0.37529597,-1.1860065,-1.7076904,-1.6169703,-0.5295481,-1.4995109,-0.8302403,1.6282007,0.316609,0.8027047,-0.66046226,-0.67961144,-0.82849884,-1.5501325,-1.2772238,-0.22439295,0.27151352,0.3912537,0.84632903,-1.4969565,-1.3079293,0.03977581,-1.0622548,-0.18966442,1.1606728,0.16975373,1.4797758,-1.557161,1.1734653,0.07528517,0.056450687,1.2729348,0.16971928,-1.2835976,-1.466531,-0.7843489,-1.317691,0.13348785,-1.5093763,-0.8207861,-1.2240336,-1.0392565,0.7593617,0.5127516,-0.019387132,-0.1614843,1.2302461,-1.1246678,1.5387236,1.1445421,-0.32623756,-0.20333809,1.3352749,-1.6173581,-1.670608,0.3300364,-1.6335167,1.2509193,-1.5523198,-1.1443733,0.50664,-1.5943338,1.0257643,1.2098978,-1.1556964,1.6582737,1.5265161,-0.014461646,-1.3877853,-0.23256949,-0.45472226,-0.67962855,-0.51393765,-1.5423942,-0.18702424,-0.37341136,1.6692884,0.98985976,-1.3729993,1.5978127,0.34589452,-0.24543867,-1.2408513,-0.42492387,1.727246,0.40097263,-0.37811336,-0.5615881,-1.4319671,-0.08179754,-0.24728502,-1.5567533
120,-0.26522478,-0.4440042,0.0,1.0,-0.6571707,0.8414133,0.24425982,0.0,0.0,-0.14108424,0.844929,1.5605742,1.2355393,-0.014217772,0.71817034,1.2862928,-1.4252049,-0.64678794,1.2692112,0.31881112,0.8710037,-0.70909864,0.6658019,0.17196532,1.4719399,-1.4735659,-0.43689743,0.50017667,-0.19104415,-1.0579951,1.0129791,-1.498705,0.9146487,0.5970108,-1.3962662,-1.5003054,1.2101144,1.0900406,1.2735032,-1.7061697,-0.34823424,-1.0368153,1.4232671,-0.28904882,-0.8467619,-1.348789,-0.084406644,0.19596758,-0.24882868,1.4848799,1.6638416,-1.5195873,-0.2378906,0.40937015,1.3954196,-0.15921514,1.423647,0.8037808,0.7733178,-0.5864794,0.95712304,-0.24298325,-0.71724457,0.99033505,-0.58023906,-1.6939812,-1.6736088,1.4639108,0.76422715,1.1070614,-1.0388527,0.8969519,0.47759527,-0.27023643,-0.7167103,1.224903,-0.78073305,-1.6127733,0.97971046,0.5542954,-0.71102405,-1.093725,-0.19968542,-0.45412788,0.45717436,1.0032932,1.3339336,-1.2061344,-1.4850491,0.18736526,-0.89224476,-1.1835357,-0.81252944,-0.9042658,1.2127275,1.3833963,1.1045523,0.87148625,1.0494934,-1.7150917,1.1170266,0.27206415
121,1.0464047,1.9098189,0.0,1.0,0.7742143,-0.61882675,1.5873271,1.0,1.0,0.98003167,-1.6780685,1.5385584,1.4380639,0.8870865,1.4044464,-0.109699756,-0.50823444,-1.3667114,0.25683263,-1.2845482,-1.7483946,0.5471354,-1.3823396,-0.10546782,-0.47204226,-0.6192112,-0.27566817,0.056809895,-0.8993773,-1.3877828,-0.086270206,-0.46833277,1.3210016,0.45108762,-0.4439941,0.7364713,-0.56752664,-1.0318029,-0.5524309,-0.4293628,-0.9841101,-1.0105394,-1.1334268,0.002165258,-1.5291172,-0.28388157,0.46064514,1.086932,-0.49363944,0.85095143,1.5130056,0.587612,-0.3397227,0.91356504,0.3187651,0.23390777,0.82195145,0.2268917,-0.12023992,1.4941282,-0.0068126842,0.17367151,-1.2242393,-1.0835047,-0.91016734,1.3540488,-0.24310346,1.5249228,-0.39333126,1.1840643,1.7095906,0.35670424,-1.4209208,-0.9614358,-0.003318496,1.251472,-0.9322945,0.7487744,1.5855745,0.013611477,0.36715806,-0.25843236,1.0728441,-0.48334002,0.3791431,0.068971656,0.3306715,-1.0185144,0.45589978,-0.38060537,-1.4056141,-0.7377131,-0.1327213,-1.433405,-1.2079549,1.4364938,-0.7501624,0.9425085,0.28324038,-0.1596004,-0.495133,0.38130963
122,-1.4004235,-1.9541653,1.0,1.0,-1.7234502,-0.45287946,-0.78322643,0.0,0.0,0.7126536,0.87535524,-1.191859,1.1845042,-0.34628916,-1.202472,1.0950217,-0.98776174,-0.23139045,0.011349157,0.31707677,-0.31475595,1.417813,1.4979719,-1.6563014,-0.09086204,-0.981386,-0.45775807,0.14274678,-0.7540223,-1.2443322,-1.4758527,-0.1377897,-0.22431155,-0.5203269,-0.6363652,1.3564041,-1.3321878,-1.0027088,-1.0811568,-1.3279295,-1.6622584,-0.59130025,0.05306498,1.3812531,-1.25592,-1.3871485,-1.7395142,0.15625979,0.45987836,-1.4396616,0.097280614,-1.6463821,0.8262925,-0.5029847,-1.1941658,-1.5053005,0.13741307,1.2144212,0.7568008,-0.02299418,0.91165257,0.15432699,-0.037419345,1.2706754,-1.7229215,1.7681756,0.85677296,1.6003907,-0.3982466,0.08811414,-0.19752716,-1.5035992,-0.77844423,-1.0380174,-0.18789361,-0.8771252,-0.9554252,0.2943318,0.81565994,-0.76323855,-0.34506792,0.8206701,-0.5992292,-1.4742908,0.9923851,0.9096407,1.7403353,1.1355604,-0.5279088,0.14783366,-1.3461984,-1.2363039,-0.34435868,-0.042982113,0.9827203,0.6604262,1.4299958,-0.0147558,-1.7300707,0.01582953,1.3185081,-0.7205914
123,-0.018629665,0.39934945,1.0,1.0,1.3362585,1.3200833,-0.9612382,1.0,1.0,-1.0131111,1.7292123,0.27098963,-1.5395311,-0.6284366,1.0171494,1.59574,1.6176623,-0.84003836,1.6077741,-0.27200773,-0.65298915,1.2300637,-1.4908825,-0.34669802,-0.26956826,0.7088458,-1.0460097,1.1019284,1.4009881,-0.5433922,0.12582977,-0.9716189,1.5286475,0.7876115,0.9948308,1.6127241,-0.18427119,1.30417,1.1304456,-1.4560785,-0.5823982,0.1059092,-0.53372383,-1.2738501,0.70857453,0.2245426,0.65714234,1.326172,-0.18370786,1.4002609,-0.34553877,0.361002,-0.9157825,1.4793819,0.9582915,-0.6289398,1.1002296,-0.3214179,1.4504899,-0.6953935,-1.0836877,1.0002424,-0.5707009,1.5691365,-0.639903,1.7082214,0.068253435,0.44290796,-0.4515284,1.1676972,0.35940343,0.45713067,1.1889015,-0.61295336,1.3089389,0.073738284,-1.3475233,0.75340027,0.9025078,0.8784314,0.07807458,-0.6893865,0.34326306,1.0402269,-1.5740088,0.8627447,0.5717789,-0.48772722,1.6554128,0.37599286,-0.9729451,-1.5713532,0.54643553,-1.2870896,1.6105976,0.87225735,-0.97800136,1.4676437,0.46240056,-0.34613603,1.2098607,0.8899159
124,-0.10578441,-0.2129404,1.0,0.0,-1.4349595,0.7475083,-0.011501332,1.0,0.0,0.5395274,1.4017644,1.2338353,1.5229856,1.0509133,-1.2580562,-0.7319747,-0.85735774,0.27553323,-0.8699628,-0.735528,-1.3994753,0.6570485,1.3949932,-1.3202811,-0.31568298,-1.0561347,0.68116915,-0.031465027,-1.2786057,-1.2392004,-1.1619385,0.9189532,0.19713154,0.2249497,-1.5591526,-1.0452223,-1.1881598,-0.2810302,-0.3172853,0.10106018,1.500273,0.46400073,-0.15499082,-0.19920795,-1.6564531,-1.6785007,-1.6750922,1.1231326,0.7508167,1.1064932,-0.6509654,-0.557168,-1.1496754,-1.0161313,0.70621765,-1.1036267,-0.34389418,1.102235,0.44186467,-0.75630003,0.088630155,-1.5998564,-1.1789277,-0.7807944,-1.6619928,-0.27629322,-1.244898,1.6951553,0.34855884,1.2681412,-1.6051004,-1.4238977,-1.6467717,-0.22189608,-1.0221343,-0.2916794,-0.90291566,-0.09221154,-0.58276707,-1.4534951,0.749401,-0.25256178,-0.08905594,0.09581401,0.0057305275,-1.5834489,-0.1388903,-1.0526495,1.5695872,-0.86001855,0.03301197,0.73637563,1.1715585,1.7311339,1.2732946,0.589688,-1.1121796,1.211132,0.45315665,-0.89329165,-0.9540586,-1.5845197
125,-0.93221766,-0.8117124,0.0,1.0,-1.6165107,1.414079,-0.28328192,0.0,1.0,-1.4372001,0.532002,-0.550344,0.38670507,-1.1820456,-1.259557,-0.20874201,-1.4499551,0.08816347,1.0095329,1.0179622,1.7261341,0.26481825,-1.0657545,-0.7313788,0.02901984,0.80627275,-0.5559636,1.0441818,-0.1040738,-1.3133053,0.14690474,-1.2460498,0.35482755,0.24870235,0.20013538,1.6706196,-0.47010687,-1.6145827,0.39714095,-0.29823136,-1.4531928,0.7443716,-1.6232183,-0.23489892,1.4706365,-0.851704,-0.43199065,0.05048083,-1.5121515,-1.662265,0.16931632,-0.0629158,1.1542948,-0.05767113,1.257639,1.6116686,-0.5840415,0.022105554,-1.0605558,1.1736827,1.5265452,-0.5606342,-1.3338352,-0.7443906,-0.9811186,-1.5536132,1.5152128,1.0589592,-1.7249136,0.9484994,-1.5880904,0.8847484,0.044247203,-0.48026308,1.0936099,0.49040303,-0.6833657,-0.16595787,-0.037590545,1.4487323,-0.7769201,-0.7851273,0.9563645,-0.036344476,-1.4229208,1.0409032,0.43069696,1.3299971,-1.5615265,1.257225,-0.5964898,0.96738213,-0.34369424,-0.5734391,-1.5202255,-1.2872508,1.4919269,1.1793436,-0.08281421,0.9490581,1.5660758,1.0996137
126,-1.3018391,-1.7893381,1.0,1.0,-1.1700937,0.98135614,-1.290175,1.0,1.0,-1.2315736,-1.5175567,-0.6344376,1.6161824,0.45039853,-0.8228558,-1.1875893,-0.08549725,0.74080324,-1.3090131,0.6249608,0.759109,-1.271513,-0.99971926,-0.5988274,-0.10650745,1.3473438,0.5791842,1.1734079,-0.78310555,1.0896062,1.3018392,-0.61991704,0.6002785,-0.22268875,-0.9875603,0.8307124,-1.2477825,-0.63759184,-0.21118721,1.4900978,1.7639369,1.1509297,0.16130854,-1.5630623,0.09568354,0.71046454,0.5581782,-0.6688424,0.88356173,-0.5120599,-0.76067805,-0.7888397,0.737624,0.7884689,-0.6938239,-1.6831757,-1.2231356,1.6713489,-0.7536819,1.3267184,1.3177913,1.4859935,0.8465928,-0.8079614,0.021369966,-1.1998401,-0.9846888,-0.73774225,-0.8573684,0.9762085,0.75371265,0.5767879,-0.74419343,-0.923897,-0.627187,-1.0257378,-0.6226679,1.0998071,-1.1978685,0.34124196,1.7818453,-0.8318372,-1.1159217,0.33702534,0.1267737,-1.6474084,1.1302644,0.04608255,-1.0654957,-0.29555243,1.174256,-0.97153825,-1.1261916,-1.0223758,0.018144924,-0.41199008,1.4356142,-0.28772804,-1.5215913,1.6251816,1.6688362,1.4548306
127,0.84143037,1.9099928,0.0,1.0,0.04045743,0.59980357,1.3739225,1.0,0.0,-1.3844746,0.31332615,-0.27245945,-0.14077713,0.40892112,0.311884,0.4052895,-1.6747488,0.889281,0.54993886,-1.157332,-0.33619472,0.0998376,1.2337502,0.44330522,1.2878952,1.2463385,-1.5021757,-0.028881218,-0.78678036,-1.5459203,1.2009916,0.44568598,1.6745476,-0.5298419,-1.4416616,-1.5160081,1.0555093,1.3569624,-0.9425019,-0.30589887,-0.6841042,-1.2865411,1.6720929,-0.5092116,-0.28499204,0.8487838,-0.16513902,-0.16105127,1.0001061,-0.12579814,-0.2553043,1.6521924,0.89227015,-0.06792483,0.6714011,1.1223193,-1.2313049,-0.7808348,1.5089755,1.4825473,1.0989931,-1.3291826,-1.4491047,0.7907651,-1.2010517,-0.37510267,-0.2229216,-1.0767499,-0.96561515,0.91258365,-0.62123144,1.3251661,-1.2876604,-0.8644225,-0.26415017,0.6445581,1.0468962,-0.33112168,-0.59851,-0.8966245,-0.49020192,-0.04738296,1.0766262,1.392316,-1.1352621,0.81608605,-0.21490596,-1.012867,-0.25420085,0.12765466,0.6537755,-0.210116,1.1655343,-0.39480153,1.6913276,-0.35959956,-0.8052762,-1.0543083,0.78721845,-0.13030098,-0.10334122,-0.1533793
128,0.2335872,0.109031476,0.0,1.0,1.3933983,-0.12378823,0.12775257,0.0,1.0,-0.6143733,0.9398925,1.5443437,1.7549082,1.1125613,-0.16879885,-1.438965,-1.4374928,-0.76732713,1.5636815,0.3125849,0.07622328,1.5210963,-0.54583496,-1.5917962,1.1617082,0.73118335,-1.0477929,0.7645062,0.6423653,1.3156092,0.0021243843,-1.483125,-0.68303055,1.2821242,0.99224305,0.7307753,-0.9770288,-0.57076526,-1.5428138,-0.8030016,1.3019804,-0.8658829,-0.66902614,1.0287011,1.7453587,-1.1923622,-0.9654681,0.47537863,-1.4835038,1.350582,-1.1773958,1.062708,1.3172494,0.5458553,-1.508605,1.0334735,-1.4099393,-0.74092114,-0.93685645,1.3848364,-1.369441,-0.12074205,1.2900187,0.038671415,-1.116668,-0.55249304,-1.1163057,0.9174577,-1.0025381,-1.1681916,0.06257977,-0.24233286,1.5924511,0.765978,0.7971341,-0.92451274,-1.0063881,1.4218924,0.97155476,-1.7554129,1.2791841,-0.80349165,-0.70402426,-1.1277412,0.39171702,0.8481002,0.8258167,1.3963366,0.51137364,-0.4415667,-0.5973735,0.28629094,-0.63192946,-0.07232484,-1.682262,0.42497703,-0.754469,0.015712908,-1.2887586,-1.4564092,0.5403081,-1.6199201
129,0.89476466,1.7984412,0.0,0.0,-1.2189754,1.261772,1.4553487,1.0,0.0,-1.1491897,-0.6799927,-0.736582,-0.69127095,-1.2970345,-0.30143398,-0.12500083,-1.1408846,0.14373632,0.44425344,1.2013768,-1.0398388,1.6945244,0.9615476,-0.23000006,-0.50970757,1.3577368,0.45311132,0.15655641,-0.2035762,1.1201669,0.25869763,0.86114985,-0.7659223,1.398099,-0.8718711,-0.8465305,-1.2765309,1.5495945,-0.76634383,1.2469629,-0.53846675,1.2368037,-1.1555061,-0.76140344,1.0695933,1.0079988,0.8862274,-0.65269834,-0.9927617,-1.5743725,-0.83129036,-0.070683144,1.0376437,-0.62517595,1.108715,-1.5390397,-1.203377,1.3553808,0.88522816,-0.7760944,-1.0284048,-1.0731472,-0.5769243,-0.86960715,1.5454888,-0.10430847,0.61101896,-1.3390297,-0.5774126,0.46999344,-1.0598829,0.49606064,-0.87371814,0.884194,-0.61743665,-0.3810836,-0.5985965,1.1399797,-0.49713203,-1.680148,0.63014543,-1.5782374,0.21217173,1.232136,0.55025846,-0.29480726,1.3675481,1.6006422,-0.35902983,-1.0265598,-1.4196844,-1.6038877,-0.29654467,0.49404114,-0.7943304,-1.6339653,-0.13409643,0.44356006,-0.105949685,0.93926954,-1.2919531,0.7491565
130,-0.13668583,-0.1731477,1.0,1.0,0.8351679,-0.5924872,-0.38313368,0.0,1.0,0.788879,-0.21744147,1.6343006,-1.1600201,1.6376327,-1.4086924,0.6891857,-1.1936848,-1.6026336,0.46737248,-0.8559365,0.81196445,0.04741708,1.729797,1.4668562,0.8915872,-0.57577395,-0.1376916,0.26761937,-0.18983772,0.32188374,-0.004227273,0.3896349,-0.3755461,0.89988726,1.1943004,-0.1365309,0.2769882,0.8037583,0.21074909,0.5181351,0.75763553,-1.6174258,-0.6718108,-1.0516075,-0.20746993,1.6898993,-1.4458396,0.053448524,0.627342,1.2210478,0.8090225,0.008950909,1.0021636,0.69400513,0.32248828,-1.318831,1.4913598,1.3917204,1.5390719,1.2780133,-1.1466397,-0.969328,-0.21268487,0.006606294,1.7260371,-0.19053218,-0.92803013,1.3036717,1.1061556,1.1981618,1.3203231,-1.5695872,0.42811206,-0.883414,1.5997828,0.5724059,-0.39739326,-0.87743056,1.0686718,1.004355,-0.30893555,1.5253549,1.5523763,1.4713686,-1.3340272,-0.15499271,0.5090974,-0.9768767,0.83483803,1.6049306,-0.97692114,0.36495742,0.38911733,-0.21786264,0.44622302,-0.059295565,-1.2085828,1.4396816,0.35632634,0.89511967,-1.1190543,0.9062375
131,0.7747314,0.2324605,1.0,1.0,-1.5390913,0.18560812,1.7310052,1.0,0.0,0.12966986,1.4383569,1.6081766,0.72924453,1.1041088,0.5897717,-0.7090718,1.3637503,0.4447024,-1.6704429,0.69576454,1.3802905,-0.11093436,-0.83992255,0.4018021,-1.4310062,0.92265385,1.5471396,-0.8916055,-0.7416456,0.35705453,0.23901968,-0.607842,0.6725907,-1.5894824,1.0340431,-1.1825068,-0.5377417,0.8136811,-1.3715149,-0.0189672,-1.0769905,-1.7302544,-1.412495,-0.8274298,1.6995146,-1.3084775,0.80246526,1.5946256,1.4881346,1.393771,0.80752516,-0.031601775,-0.745693,1.4229249,-1.1706206,-0.07894624,1.0770547,-0.7117604,1.5006896,-0.2881062,-0.16124468,-1.1676975,-0.35091576,0.3869905,1.1801649,1.1882849,0.46312186,1.4161154,0.84001374,0.18764517,0.724485,-0.5329096,0.31790394,0.77926683,1.0177438,1.6447178,-0.05633563,-1.0818304,1.6386303,-1.7628341,-0.8411133,-1.4639703,0.74027425,0.004085504,1.3969344,0.62059903,0.11348494,0.2769553,-1.4822698,1.482449,-0.90595734,1.4910952,0.78168756,1.026677,0.98909056,0.94383204,0.1489394,-1.5970463,-1.6253861,-0.62152034,0.91262573,-0.06551569
132,0.48299333,0.123947784,1.0,1.0,-0.39766982,0.6710641,0.68286854,0.0,1.0,-0.033847254,0.28827977,-0.23983492,-0.18400529,-1.154343,1.8549452,1.1559079,0.21524413,-0.47661203,1.1940523,1.2972157,-0.69077593,-0.22347358,0.041715875,-1.2747716,-1.1812401,-1.3108401,0.9090146,-0.42416796,0.4079579,-0.14596017,0.45140117,1.7161849,0.28601426,1.5707849,0.015800416,-1.2957953,-1.1021061,-1.1044879,1.516228,-0.55659163,1.2766205,0.5616965,0.54681844,1.5693176,-1.6891639,0.5383013,-1.5898018,-1.0445889,-0.13028795,-0.9598039,-0.32718635,-0.3463939,0.11037113,1.6906413,-0.30130088,0.089847594,0.40868652,1.0314322,0.8841661,1.794487,1.402355,1.5057725,-1.4203521,-0.7600877,1.1973677,-1.4829692,1.362636,1.0478644,-0.56940746,-1.4279382,0.6668376,-1.5496525,1.0998907,-0.5860622,1.0770735,-0.19064158,-0.29919627,-0.5654496,0.16158526,-0.8363095,0.7877395,-1.4908967,-1.7230071,1.5186737,1.062948,0.7676765,1.0992669,-0.066043995,0.62169075,-1.6726352,-1.5609627,0.3714412,-0.46242633,0.52212507,0.7986747,-1.6406676,1.5531576,-1.0910306,0.6562894,0.7251864,-0.93396264,0.9687712
133,-1.0250473,-0.43853796,0.0,0.0,0.34884706,-0.3706562,-1.3328099,1.0,1.0,1.6385603,0.8922194,1.4322567,0.5814512,0.28268623,1.4789355,1.298289,1.0602965,0.6322288,-1.0049703,-1.2404939,-1.501124,-1.6317708,-1.3760396,-1.0468309,0.018163333,0.23352209,-0.016787766,0.84877664,-1.0039877,0.05411295,1.5320566,1.0507381,1.0233464,-1.0186288,0.9120324,1.4220273,0.06721345,-1.2559887,0.94997084,1.7855814,0.24684015,-0.4557704,1.6622468,1.5976331,1.2634366,1.2219435,0.45129248,-0.74085814,1.4667617,1.3876655,-1.7223476,0.7879123,1.4685619,-0.16098163,0.67306316,1.2881716,0.2284502,1.1786283,1.0590829,0.45538646,-0.8723715,0.81979984,1.328759,-0.16937591,-1.3988473,-0.27643383,0.87864476,-1.1846758,-1.1310562,-0.99093056,1.6959761,-0.13321628,1.2593236,0.2732877,0.9623957,-0.13056476,-0.1778221,-1.4235731,-0.8247829,0.52726716,0.8866752,1.7108262,0.88687336,-1.7412351,1.004033,1.0644668,-1.714823,0.6189529,-0.3930302,1.076983,0.2759123,1.0810604,0.063383184,1.3646078,-0.31236777,1.7006218,-0.05575811,0.3825778,-1.2196695,-0.9173688,-1.3035737,0.7929092
134,-0.7637497,-1.0212355,0.0,0.0,1.0639421,0.95650727,-1.6842431,0.0,0.0,0.61848307,-0.3186784,0.8653411,1.4363872,-0.7187889,-0.72713864,-0.9960581,1.6948557,-0.32863984,1.3713012,-1.3599943,1.3185194,1.230488,1.5135813,1.3310574,1.2219847,1.1760991,0.6696831,0.856298,-0.5834582,0.73776513,1.1250491,-0.9183538,-0.9299822,-0.45697328,-1.3770239,0.8020432,-0.8336794,0.87535334,-1.252794,0.1490733,-0.5041926,-1.5159714,-1.5231596,1.4747915,1.4399993,-0.7914239,0.015705964,1.5894248,-0.8873772,0.7309331,-1.1954044,0.8255126,-0.50897825,-0.12406638,-1.4916883,1.7215543,-0.2547782,-1.4392959,0.6359889,1.2522465,-1.2668769,-0.9205967,1.0167243,0.27036184,-1.63806,-0.58020437,0.55242646,-1.534823,-1.2487011,-1.3213639,-0.26673374,0.006211952,-1.0524487,-0.4207862,-0.5442066,-1.5380131,-0.06863348,0.082649566,-1.3178105,0.07006901,0.1088161,0.7040619,0.37323636,1.4189442,-1.263189,1.4354963,0.036055725,0.33127657,-0.5853282,1.2819225,-1.2310123,-0.61798245,1.1683851,-0.11322161,-0.75164115,-1.5120828,-1.7127339,1.0965734,-1.6349473,0.136513,-1.0341254,-0.81786096
135,-1.6300027,-1.5934906,0.0,0.0,-1.6664156,1.5087107,-1.6001949,0.0,1.0,0.4259083,-0.9363664,-0.019478153,1.3962374,1.0311263,1.5731968,-1.4417813,1.4310203,-1.4212812,0.6437001,-1.5981816,1.6070877,-1.7068633,-1.08176,-0.0657252,-1.683951,0.041357365,-1.6071888,1.2376394,1.2026109,1.6111832,-1.3759339,0.7939356,-0.46800047,0.9823854,-0.9027209,1.5075092,0.14068319,-1.4660876,-1.2351389,-0.93347037,-0.07120471,1.6344239,-1.5388588,0.33182415,-1.6902418,0.8474802,0.85314983,0.42842954,-0.81902444,-0.7532472,1.7409557,1.5870317,0.11065037,-1.0029305,-0.50034,0.8264146,-0.7000044,-0.151568,-1.3104504,-1.6767299,1.1331432,-0.56213176,-0.44395784,-1.4081359,-0.931305,-0.23621987,-0.22350796,0.2003768,-0.22632739,-0.62567616,-0.15746488,-1.1617901,-0.40205428,-0.55106735,-0.109965645,-0.11112266,0.6629888,1.4291413,1.2836039,1.1885376,0.035057765,-1.2033923,0.86437947,0.77410054,-1.4663813,1.4222691,-1.5214181,0.8710648,1.2621162,-1.2270418,0.5762387,0.64742553,-0.20422626,0.6748201,0.6195081,-1.6327226,1.182447,1.2422446,1.2482959,1.2803525,1.2728357,-0.8289613
136,0.41204846,1.0332081,1.0,1.0,-0.7032028,-1.1754888,1.209199,0.0,1.0,-1.110174,-0.33629695,1.6404192,0.15465923,0.33684382,0.10890848,0.91265136,-0.09243078,-1.1640288,0.90966403,1.3260734,-0.91609895,-1.4277802,1.6879517,1.1825502,0.42115083,-1.6252365,0.976449,-0.79443324,0.46192458,0.14082007,-1.1668621,-1.1057162,-1.4542817,0.52419174,1.2142053,-1.512283,0.6163808,-1.1003623,-0.75035,-0.8737209,-0.3659787,1.3624043,-0.35056818,-0.45922258,1.6771787,-1.0126945,0.8705816,-1.3834634,0.011786057,1.6365713,0.5174621,-1.2300444,0.3538939,0.9873162,0.8146445,0.5470104,-0.6095571,0.5843124,-1.2038629,-1.1302096,-0.81741005,0.6900395,-0.72746474,0.020881653,-1.525695,-1.478443,-1.4575762,-0.6931011,0.87543535,-1.2661952,-0.5215613,-0.16867922,-0.40393844,-1.1122278,-1.3789868,0.39624706,0.6133978,-0.76122004,0.5518251,1.509843,-1.0368907,1.2544367,0.4281312,-0.39741558,0.40032488,1.3294754,0.97116894,1.2547488,-1.0539151,1.143891,0.06513212,0.21414943,1.6443001,-1.7108656,1.1905426,1.3345871,-0.91943544,0.38517347,-0.101239465,1.2805364,-0.77954894,-0.68866664
137,1.1390733,1.6204938,1.0,0.0,1.4746504,1.3054277,0.017330078,0.0,0.0,-1.3424898,-0.81589514,-1.1603093,-1.6281114,0.8044157,1.4711288,-0.49762803,-0.6054686,0.86280733,1.3545771,-1.2458909,1.0404093,-0.50686467,1.6803492,0.18797722,1.0324605,-0.81855154,1.3741305,-0.019557813,1.4560825,1.59632,1.2672073,-0.28026235,0.9140963,1.1736379,0.7474396,-1.6511164,1.0915586,0.13777201,-1.0153278,-1.0926825,0.18187657,-0.78386104,-0.968016,-0.7974031,1.7705909,-0.10437613,-0.7196932,0.5721892,-1.4202712,0.04433212,-0.0519436,0.88818973,1.3566304,-0.69502926,-1.3298858,-1.1359508,-0.7648608,1.6190647,0.25063565,0.24276881,1.057765,-1.4501011,1.4680052,0.114998475,-0.6046174,-1.4818697,0.34356666,-1.1002568,-1.1195756,-1.3792683,1.3908174,1.1738343,0.061291773,-0.037267804,-0.11722229,-1.0861588,-1.441097,-1.7138423,-0.08145867,-1.436149,0.23091285,-0.73132783,-1.480825,1.2875402,1.0610007,1.6241757,-1.603018,0.15439469,1.1924475,-0.6948581,-1.2426279,-1.5069083,-0.9148198,0.8324968,1.7455715,0.0384267,0.39871562,-0.99336714,0.06973597,-1.0312654,-1.551028,-0.36137208
138,0.6042169,0.15186217,0.0,1.0,-1.3865148,1.540982,1.5264039,1.0,0.0,1.5523111,-1.7560517,1.6951032,0.6305941,-0.75260335,-0.5849955,-0.033741504,-1.5217588,-1.4213368,-1.2470783,0.9256234,1.6447778,0.06468774,-0.42007327,0.9358547,1.1805421,-0.17278282,-0.36546826,0.75870615,1.3781023,1.6073737,-0.6904129,-0.13946597,-1.2350914,-0.77258015,-1.0086764,0.40838102,1.6884068,-0.8364355,0.89552236,0.10365315,1.1580478,-0.491417,1.0377376,-0.06415565,-1.1025127,0.2747883,0.034170102,1.358498,-0.3573297,1.6197952,-0.3247816,1.6782081,0.5956226,0.54421926,0.29465628,-1.308505,-0.4277758,-0.36068448,-0.39187765,-1.3530729,-0.11226273,-1.1167109,1.4889423,-0.3586833,1.4205257,0.5235698,0.7367089,-1.2350136,1.0754144,-0.34054986,0.63026613,-1.2983332,0.53765285,1.1885086,-0.7933861,-0.076915264,-1.3148015,0.589209,1.3693289,-0.31224394,1.2457173,0.6733027,-0.406169,1.1882708,-0.36766595,-0.9890723,0.64912707,-0.6660582,-1.0705165,0.4482329,-1.1233624,-0.28958893,-1.3962771,0.07745631,-0.88978565,0.4590557,0.38249534,-0.3233561,-0.203802,-1.6322691,1.4665084,-0.48118594
139,0.6383453,0.50841033,0.0,0.0,0.49551868,1.4253446,0.25553292,0.0,0.0,1.1291488,0.31903088,0.9794222,1.6369191,1.0276562,1.3618039,1.1728654,0.9355089,1.0550984,-0.49358246,0.06872795,1.2363974,-1.5618786,0.068809114,0.39317542,-0.26796684,1.2018088,-1.2096989,1.6735084,-1.7010161,0.17594625,-0.1773409,1.1661453,-1.5385945,0.31685653,0.10114714,1.5977187,-1.0734165,0.63040316,-1.3926934,-1.1172432,-0.574622,-0.8150624,0.94667864,-0.6910838,1.6200988,0.12981483,0.06228691,1.1973196,-0.83523333,-1.4225769,-0.27546242,0.96478796,-0.5516706,1.4167995,0.82572126,-0.9056093,-0.66475356,1.685331,0.11124465,1.369996,-1.4233882,0.44738254,1.3499391,0.12633286,-0.6629943,-0.8601608,0.020977948,-0.78950226,0.90026915,-1.5842397,-0.53985614,1.6058358,-0.5264874,-0.12943771,-0.5386219,-1.6014155,-1.4492168,0.013636425,0.22569482,0.33392668,-0.29596612,1.4265589,0.7578513,0.653212,1.1869675,0.5436519,0.94388217,1.8477443,-0.6840913,0.13322166,-0.3182644,1.5533441,0.6225815,0.11472915,-0.9250156,0.82206905,1.1168414,0.70810366,-0.29576567,-1.0597844,-1.3854817,-1.0345027
140,1.1676557,1.8615472,1.0,0.0,0.30458486,-1.203883,1.2579477,1.0,0.0,1.2883592,-0.30378473,-1.6927407,-1.3540951,-0.77286065,0.37685007,0.4739651,1.2867138,-1.5843754,0.7519049,0.09235447,0.09405074,0.9711661,1.5199596,0.1608412,0.57860166,1.4765366,-0.09874976,0.13529049,0.9235397,-0.4241461,-0.1663934,0.7425652,-0.21052316,0.020185417,-0.4541065,-0.18585293,0.7583725,-1.0955732,-0.2097614,1.72725,1.6827884,1.23621,0.86587495,0.044398297,0.81448096,-0.82135093,-0.06852217,-1.6418477,-0.7048216,-0.23454753,-1.2158047,0.18432686,0.3414713,-0.6892252,0.27146822,-0.71848005,-0.71985114,1.2466666,0.8375043,0.9505831,0.64028364,1.5231838,-1.4260862,-0.06451109,-0.7168029,1.4812219,-0.423478,-1.0071872,-0.11979328,-1.2267268,-1.561766,0.44138798,0.85345864,0.70692474,-0.0024153034,-0.24379456,-0.7167915,-0.4914474,-0.5749874,1.3791218,1.403669,-1.3448144,0.63488305,-1.6713651,-1.0939801,-0.16222331,-0.959736,0.054437447,-1.2691557,-0.6123571,-0.48958173,0.68630135,0.8658446,0.23093992,-0.3215364,1.4380918,1.244041,-0.5349718,-0.33872733,-1.0557969,-1.6067756,1.2182347
141,1.2037001,0.9606045,1.0,1.0,0.761375,1.4551119,0.8377498,0.0,1.0,-1.0874617,0.73305076,-1.2768495,0.96400076,-1.501296,-0.37246206,-0.2955025,-0.38294685,-1.7768302,-0.77231395,-0.31324214,-0.10460354,1.1834267,-1.3034209,0.55265737,-1.6569008,0.90031505,0.8909559,0.84415084,0.7610524,0.6366577,-1.4133904,-1.2882181,-1.28944,0.5443188,0.44548255,0.24722461,-0.9989348,-0.49930224,-1.1156747,1.7473408,0.3472311,-0.1528362,1.0503205,0.8299163,-1.3724194,-0.8507211,-0.3130157,0.4826924,-1.1955969,1.6326231,0.68729264,-1.522398,1.4087893,0.502567,0.75390816,1.4987634,-0.6463293,0.37695637,-1.3135147,1.65752,0.036400545,1.3685946,-1.1406226,0.7779962,1.331138,-1.3519585,-1.4863675,-1.5861546,-0.051259097,-0.35589004,-0.29534957,-0.68358564,-0.30710816,0.058549974,-1.4293747,-0.7883057,0.389961,-1.1838655,-0.9235544,-0.14476594,-1.3257196,0.34740254,0.8927791,0.7128663,-0.34703153,0.9553288,-0.2694136,0.40587687,1.3844427,0.43534714,1.5227385,-0.75091654,-0.98444414,1.480297,1.1751854,0.60474724,-1.6977516,-1.0598645,-1.7054429,-0.79472935,-0.36397213,0.64582735
142,0.32126513,0.7487139,1.0,0.0,1.0580062,0.7228859,-0.6725091,1.0,1.0,0.49622762,-1.5545155,0.8472009,-0.09204874,-1.6582278,0.6083116,-1.427153,0.74816465,-1.3885701,1.0502967,-0.63919896,1.5908504,0.55925256,-1.6168876,-1.5321257,-0.60410076,-1.5119737,0.22240132,-0.38834032,1.5850778,0.14052099,-0.48988277,1.0279143,-1.5357864,1.0651741,-0.20654583,0.414072,-1.7166275,1.4955072,1.5787082,-1.3854113,0.09493025,0.95352495,-0.9046824,1.5168372,0.1903046,0.28708968,1.3318248,-0.604887,0.02905334,0.6470507,-0.6772975,0.5365236,0.6454229,-1.7416135,0.18913484,0.6965331,-1.117749,-1.4659889,1.4195698,-0.9515801,0.22641312,-1.0236052,-0.87291545,-1.3526294,0.83183324,-1.4926438,-1.3497617,-1.6008141,1.0133396,0.4224749,-1.3657603,0.28339937,-1.4155728,-0.018822454,0.2437371,1.4234267,1.0695617,-0.07986288,0.3163743,-0.81778884,0.1525109,0.62291926,-0.34930986,-1.7706919,0.28862154,-0.9306778,-0.41400382,-0.33967954,-1.358186,-1.2430367,1.335887,1.5331838,-0.58066356,0.9954117,0.8300302,0.88096845,0.8909254,-0.87228525,1.2550261,1.7016784,1.3309951,-0.7458774
143,0.5343976,0.6283832,1.0,0.0,-1.6532857,-0.9486673,1.3385345,1.0,0.0,-0.9881836,0.6249508,0.89398736,-1.5832437,-1.4101849,1.6961392,0.741709,-0.0972576,-0.14962377,-0.10806584,-1.2118378,0.07576394,-1.7039409,0.54040426,1.0014542,-0.4220236,-0.14190997,-0.04164464,0.3041866,-0.9166086,-0.6097401,-0.28117928,-0.016519519,1.2563951,0.42694277,0.8569032,-0.6293804,-0.30383348,0.908872,0.19645946,-0.5285346,0.37557372,0.23908813,-1.5639689,-0.70891553,0.01662999,0.083930515,0.07172448,-1.1788485,1.5933155,-1.6637357,0.35725048,1.7063422,0.24388242,1.2648365,0.5451512,-1.1061757,1.3686417,0.49069223,1.2237595,-0.4385382,-0.99654686,-1.2371033,0.14678785,-0.2876823,0.3477681,1.5211328,0.726757,0.9274061,1.0231215,-1.0716983,-0.52237,-1.5223747,1.0358869,-1.6329411,-1.416816,1.3248018,1.1105655,0.010257014,-1.0248456,-1.3830706,-1.3058342,1.6977783,1.4614358,-1.5299503,0.70637083,-0.47811618,-0.39754796,-0.70778656,0.38595718,1.0081624,0.12709011,-0.25232622,-0.46813706,-1.3780916,1.2937144,-0.6959274,-0.9304501,-0.72395676,1.0558702,-1.0645134,0.16594085,0.9091419
144,-1.1239066,-1.6780787,0.0,0.0,0.60118943,-0.44849327,-1.5612708,1.0,1.0,-0.40442055,-1.6452515,0.7559885,0.22770584,1.3382051,1.2300798,0.54044837,1.0332664,-0.28434643,0.30243206,0.31817102,-0.2537829,0.28816822,-1.1927949,0.8189105,-0.55133843,0.2516971,-0.39900374,0.26244432,-0.7154295,1.1776146,-0.61859465,-1.3428016,-0.027614629,-1.1115667,-0.4028089,-0.27116162,0.10588689,0.64872456,1.1573771,-1.4403256,0.16305755,-1.6954744,1.3960937,-0.9973389,-0.65305763,1.1042978,-0.346891,1.1550975,0.22451948,-0.24644208,-0.052250415,0.8442424,-0.14013982,0.27692932,-1.6882167,-0.91419524,-0.89187497,-1.3188967,1.5258824,-0.9641773,-1.4693387,0.90037847,1.3989674,0.91701704,-0.8046561,0.80358106,-0.8595101,0.2378087,-0.9701378,1.0508605,1.0634869,1.3331047,-1.0874987,0.68929905,1.5374135,0.46733373,-0.034384776,-0.43956253,1.4166265,0.084331915,-0.7145818,1.0681233,0.83104193,-0.8444014,-0.5582221,0.10478572,-1.0882542,0.9965567,1.4346683,-1.4677572,1.2294657,1.0738497,1.5952567,-0.7758497,-0.0147218,0.5088251,0.6563295,0.64917296,0.63665664,-1.4374706,0.19964029,0.7235186
145,-0.7411692,-0.6056511,0.0,0.0,-1.5437297,-1.0367062,0.11577786,0.0,1.0,-1.5269206,-0.118824564,1.0218047,-1.685137,-1.1045904,0.4960495,0.8773951,-1.5133194,-1.4961145,-1.6063416,-1.427247,1.7102029,-0.18302682,-0.40234017,0.3791998,1.094227,0.06322535,-0.69975597,-0.046771225,0.4979768,-1.7750363,1.7614292,0.80870694,0.6176131,-0.7931589,-0.71859396,-0.82830465,1.6419901,-1.138386,0.12235486,1.2017866,-0.17600201,1.1088854,0.62462205,1.1454226,-1.2493119,-0.024962917,-0.101653896,1.0368596,1.005854,0.90291053,1.4653914,0.2348161,0.49630195,1.3008567,0.24508563,-1.0380002,-0.16849004,0.7119214,-0.68707925,-0.43983155,-0.8723978,0.94540155,-0.9871681,1.4279108,0.59249854,0.99902403,-1.182314,-0.6427249,-0.15839468,-1.171815,-1.4099798,0.32122168,-0.5592106,-1.3594633,-1.4097885,-1.0285586,1.0742687,-1.328591,-0.7540671,0.98919654,1.0475405,-1.0465273,1.4532,1.0279655,-0.44284338,1.5812669,-0.86969197,0.34485647,-0.5060223,-0.50838435,1.2258809,0.51321155,0.70761544,1.7514033,1.520257,-1.6089298,-1.645502,1.5236062,0.02662124,-1.3809392,-0.016927013,-0.15797009
146,1.2276553,0.9613848,1.0,0.0,1.6633648,1.5625021,-0.026837625,1.0,0.0,1.6090356,-1.3389271,0.0785368,-0.91115785,0.6322602,-1.1753453,1.1739882,-1.1877178,-0.89457476,-0.81220233,-1.2824008,-0.6506368,1.0997387,0.45735165,-0.53867364,-0.6787575,-0.8701653,0.42125922,-0.44963706,1.1382805,-0.45823264,-0.7868056,-0.7643167,-0.2670882,0.17538837,-1.5933545,-1.2011086,-0.11992739,1.2886624,-1.5274328,0.3939095,0.3550377,0.91198105,-0.29723203,-0.3557223,-1.271428,0.71556544,-1.2087615,-1.5086918,0.9071871,-0.17959109,0.23866074,0.50148636,-1.3589424,0.6334183,0.8948162,-0.47298503,0.78063303,-0.71930474,-1.4066286,-0.060360443,1.5988551,-1.2472363,0.8124598,-1.2524351,0.4700239,-0.8183673,0.8603055,-1.1147249,1.3594607,-1.0494407,-1.1736819,-1.6688117,-0.30149233,-0.27786374,0.5604229,0.08182493,-1.0916433,-0.37795442,-1.2751824,-1.6863742,-0.9813408,-1.3667287,-0.05993643,-1.5247209,1.3628154,-0.90071243,1.241063,-1.4901081,1.5315994,-1.6451913,1.0018356,0.49574664,-1.1402764,1.3086264,0.42403272,-0.87871826,-0.015188303,-0.93246883,1.223583,0.98674166,-0.7680941,1.3057185
147,0.7454171,0.80017966,1.0,1.0,0.1948256,-0.50790894,1.0278388,0.0,1.0,0.37931916,0.9869236,-0.37676778,1.1817424,0.87896824,-1.4822791,-0.50303996,0.9131993,-1.6368419,1.5448443,0.13416752,-1.5963303,-0.54808927,0.56154656,-1.0648414,1.4066945,1.2099608,-0.54531115,0.47243318,1.0995235,-0.057851736,-1.5984559,-1.4560323,1.6773615,-0.83447105,-0.09931831,-1.1560512,-0.346973,-1.3824952,1.5992866,1.7411903,0.734746,0.7580858,-0.25377214,0.8361745,1.2549171,-1.1769748,1.4353647,-1.2281159,-0.61550254,-0.8595205,-0.8917259,-1.5263829,-1.6120011,0.450877,-1.6234943,-1.7225624,-1.3934984,0.3881289,0.56728643,0.8631232,1.4399955,0.83819634,-1.4140968,0.63464314,-0.41976902,0.5163744,-0.33490437,-0.78995216,1.0098461,-0.0135402465,1.6507514,-0.20803763,-1.2593689,-0.94278544,-0.57777464,-0.90593064,0.03365596,0.78530127,1.3629849,-1.4405923,-0.43546087,-0.14291185,-0.5496182,-1.5525049,0.41507387,-0.9371308,-0.8917115,0.46004254,-0.3402367,-0.8602201,-1.0577257,-0.34970364,-0.41073874,0.8051607,-1.5827554,-1.6890045,-0.73667777,1.5378561,1.5454055,0.6729577,-1.477385,-0.10597092
148,0.08680778,-0.2651031,1.0,0.0,-0.026700102,-0.0005483017,-0.26060054,1.0,0.0,1.7243539,-0.2314641,-0.4089205,1.1716626,-1.5707146,0.91951096,0.8570907,-0.6108295,1.4420646,0.058306977,0.8025386,0.96306497,0.8927054,-1.613368,-1.5034789,0.16516519,-1.28418,-1.5794141,0.6356358,-1.5365561,-1.1208512,-0.34610638,-0.10981137,0.5741651,-0.3827764,0.26236206,-1.4024465,-1.063943,-1.6810026,0.5904631,-1.4495308,1.5282222,-0.5128341,-1.3547539,0.3350109,-1.5069563,-0.5521709,-1.3866236,1.5455805,-1.1810638,0.1812859,0.40275267,1.1363422,-0.68574816,-0.014280879,-0.39878651,1.4636992,1.6366776,-0.95357645,1.2647957,1.2835754,-1.3055418,1.7399598,-0.6200148,-1.7116687,-1.2737783,0.028158482,1.1111406,0.2912645,-0.32321176,-0.21066773,-0.10628051,-1.6720655,0.41877884,0.5021102,1.1400402,-0.15739189,-1.766595,-1.2083466,0.8480764,0.2770722,-0.72581565,-0.019228637,-0.29695985,-1.6196159,-1.589691,0.5780958,-1.4330539,1.1195426,-0.81397617,-1.381048,1.6293199,0.2987498,-0.93133,1.5754728,-1.5681977,-1.7213675,1.3058608,1.2478282,-0.74666744,-1.2648569,1.1816516,0.19385543
149,-1.2781291,-0.99160564,0.0,0.0,-1.1812683,-0.06257435,-0.9899054,0.0,1.0,0.44574472,0.4984484,-0.24568664,1.6883708,1.4059997,0.037850283,-0.04028298,-0.42795175,0.6857061,1.6310283,-1.0631275,0.29810053,0.7798031,-0.4619522,1.5755626,0.36275515,-1.4587667,-0.41330683,1.1179863,1.2094021,1.3090019,-0.19439913,0.6775062,-0.9791128,1.4358596,1.2645575,0.6112929,-0.30714417,-0.020976089,-0.7950619,-0.5740421,-1.0048915,-1.6840545,-0.35502344,-0.94302726,-0.5171045,-1.327925,-1.7509403,0.18267646,-0.6752347,0.23752853,0.84843016,-0.73394847,0.79922,-0.05096939,1.2116143,0.12171237,1.5462375,1.6839046,0.33178073,-0.23760433,-1.4917701,1.643338,-1.0319216,1.6095657,0.94659793,1.4657513,-0.4411591,-1.3047397,1.379507,-0.6621494,1.3569514,-0.5317339,1.2315108,-0.9329019,-1.4299414,-0.47238946,1.5023141,0.17981982,-1.5836848,0.10389946,-0.23091485,-1.3690997,-0.6497482,0.8027152,-0.6624168,-0.21686265,1.5195204,1.369116,1.2939243,-0.12033569,1.0690602,0.04499982,0.1936852,0.8302425,1.489429,-0.25574577,-1.1851969,0.3155174,-1.6081893,-1.6204454,1.3404988,1.245679
150,0.9469583,0.92041475,0.0,1.0,-0.56065094,1.4843615,1.5756214,0.0,0.0,-0.0979035,-1.4045637,0.4734942,1.0573742,-1.4773529,-1.4339919,-1.6268655,-0.9756545,0.81512356,0.8492682,1.5058036,-0.10098783,-0.7431965,-1.1207826,0.72918415,-0.25919384,-1.3973637,-0.7202747,0.44813284,-0.20752223,-0.9310342,1.147841,0.66609263,1.55673,0.3439715,0.7951517,0.37161505,0.5391003,0.994778,-0.0008124952,-1.5002334,-1.2075396,-1.7392029,0.54815334,0.988393,0.46615577,0.70266384,0.6870339,-0.9495498,-0.5979576,1.2617342,-1.6253582,1.1275789,-1.0314342,-0.025886124,-0.021018125,0.2931657,-0.086834855,0.056985617,-1.4128499,0.7580686,0.3786923,-1.4059402,1.0515116,1.2579277,1.5991622,0.020530831,1.6119015,0.974833,0.43595758,-0.60698414,-1.5841422,0.7489319,-0.4536121,1.3423512,1.4431728,1.4947708,0.4684598,1.4065473,-1.327407,1.4771761,-1.5588597,0.58269507,1.0730852,-1.3717276,-0.9496637,-0.6983408,-0.50795645,0.829663,-0.5239962,-0.799112,-1.2494475,1.1941545,0.90162086,-0.20750871,0.34608534,0.7242888,-0.020745344,-0.63504267,1.1117089,-0.87287337,-1.0275912,0.8408315
151,1.6870852,2.0934665,0.0,1.0,1.2436638,1.4676956,1.6449723,0.0,0.0,1.6030189,1.1967353,0.18394873,0.34763655,1.4604083,-1.5748737,-0.67972,1.4224899,1.196926,1.3953861,-0.8536186,-1.5268246,-0.07698919,0.032499842,-0.01295337,-1.3954304,0.7002226,-1.0534155,0.46383727,0.37510854,1.3321743,1.1972948,1.613288,0.4666104,-1.5029467,0.1171424,-1.0875379,-1.0885899,0.6982358,0.99349326,0.90446955,-0.5390656,1.5221678,-0.17878339,-0.7461547,0.69242454,-0.6808426,-0.17482093,0.8873341,-1.3714391,-0.47297132,-1.0351372,-0.39582208,0.5176272,0.67033863,0.2043969,1.6765442,0.49961406,0.08192292,0.4759352,1.1058383,0.4702022,-0.371904,-1.260451,0.8490198,1.6922673,-0.26301897,-1.329103,1.0168151,0.95501393,1.3917552,-0.44545585,0.95671165,-0.071448855,0.88551354,1.2938201,0.2191219,0.6117926,-1.1757393,-0.09526518,1.3291624,-0.41476488,-0.27012002,-0.20490906,0.88856846,-1.3546354,1.509388,-1.6126426,0.6736417,1.0066676,-0.69998515,-0.8068952,1.714519,-1.7172083,-0.71962667,-0.77650005,-0.53539366,-0.19997807,-0.020232871,-1.6843561,-0.048282403,0.51332575,0.693227
152,-0.5369392,-1.0222301,0.0,0.0,-1.5095844,0.4748317,-0.024392413,1.0,0.0,0.19520973,-1.5197769,1.6436713,-0.92156357,-1.6704743,0.5843134,1.371527,0.39314562,1.6079986,1.5974773,-0.6648494,-0.749195,-1.5730158,-0.21388143,-0.016764205,-0.011993075,-0.9971234,1.0181365,-1.0794113,0.86210877,0.2887899,1.2449439,0.5348253,1.1037569,-0.23918673,-1.0113233,-0.24449289,-0.53256387,-1.1818491,0.7896898,-0.8237774,-1.3394159,0.14356792,1.4329518,1.1535326,0.64812225,-0.3480948,-1.1994504,0.0072113993,-0.73070747,1.0514224,-1.4002097,-1.4125484,0.5131173,-1.0764202,-0.61774087,0.8267908,1.2810112,-0.78498197,1.3685359,-0.9313503,-1.2277894,-1.1334912,-0.2715068,-0.09555289,0.8786338,-0.124148406,0.67374885,-1.301179,-0.091718316,0.052250393,-0.06817014,1.5514684,1.6633083,0.08245629,0.5838935,-1.4502597,1.3480109,1.6793121,-1.4332559,-0.18086016,-0.49677533,-1.3595105,0.9931093,0.3791192,0.49962556,-0.40402436,-1.4073806,0.43903196,-1.6133422,-1.2609093,-0.0072075003,-1.6050755,0.60649806,0.11532934,-0.33178636,-0.17021887,1.4849883,1.1184448,-0.08974791,0.33642644,1.3615559,-0.14078763
153,-0.38706154,-0.46486756,1.0,1.0,1.1026887,-0.94128036,-0.74290663,1.0,1.0,0.9754179,-1.3622329,0.81048745,0.90587425,0.45687532,-1.2689301,-1.076392,0.22186612,-0.3071074,0.8684606,0.16124757,-0.07462323,-0.018627515,0.015684992,-0.43169436,-1.4625883,0.60480124,0.7667961,0.30519342,-0.114082925,-1.3861734,-0.031955764,-0.87264585,-1.1466695,-0.51169366,0.08365753,-0.13329373,0.93723136,1.3234931,0.98122746,-0.99159265,-0.36596984,1.463778,0.21536005,1.4929785,1.17383,-0.6164443,1.3383894,1.5626116,-1.5773724,-0.55069804,1.7673122,0.9420926,-1.2860317,-1.3564708,1.181231,1.259724,0.7091053,0.7387278,-0.8514575,-0.18459137,1.6029888,1.2516377,-0.16164215,-0.78913474,-0.94194555,1.0353352,0.15011175,1.3000664,1.5062299,0.91491646,0.79107684,-1.3937807,-1.4498891,-0.23903154,-0.31105268,-0.76628643,1.5468767,-1.2889925,-1.4241595,1.5258477,0.024732077,0.55608416,-1.1474766,-0.70855916,1.8015282,-1.0309213,0.46160886,1.3852665,0.28778696,-0.27689743,-0.31841817,1.3985554,0.1935831,1.0424489,-1.0983973,-1.1698083,-0.12447693,0.49749777,0.7059352,1.5193524,-0.03937004,0.86951065
154,-1.0154303,-0.5413968,0.0,1.0,-1.0982336,-1.5620157,0.11393195,0.0,0.0,0.15496832,-1.0331185,1.4323087,0.28606567,1.6695523,-0.32753578,1.1065717,1.3279212,0.8321093,1.5156283,-1.4684715,0.5155258,-1.4553425,0.8056344,-1.1145358,0.7148896,-1.2326567,0.4992909,-0.81613296,-1.0797414,-0.9696842,1.2590449,1.4607593,0.35852075,1.4366608,0.986073,1.2793472,0.47924864,-0.45308408,-0.6094847,0.36625233,-1.6682047,0.2885845,-1.3234781,-1.178794,-0.7203608,-0.94068825,-1.4343574,-0.7649872,0.24919412,-0.82466215,0.51676744,-0.25441217,0.80179167,-1.2598258,0.7006631,-0.7375062,0.28432754,-0.54711455,-0.1944356,0.8063729,1.6773417,0.2168069,-0.9977971,0.19010743,-0.58625495,0.11862864,1.7474849,-0.06565001,-1.3980091,0.4001518,0.45172963,-0.8866159,1.1316147,-1.0284249,-1.0234185,1.4945679,0.97170585,-0.37615687,1.1265393,-0.726688,-1.4128394,1.3606012,0.52435327,0.96430695,-1.5071483,-1.0247673,1.7644559,1.2547857,-1.1973342,-0.8665261,0.76772285,-1.3696824,-1.51494,-1.2431427,1.5363812,-1.2088232,0.06242108,0.25045455,1.1230183,-1.350595,-1.3560326,-0.3247805
155,1.3000243,1.8505735,0.0,0.0,0.5017054,0.7681099,1.2604766,0.0,1.0,-1.1573219,0.17255655,-0.26629803,1.769132,-0.1604266,-0.4649261,1.5841883,-0.40814435,-1.2969209,-0.69347215,0.41349068,0.63436544,1.0710797,-0.6417973,-0.4877483,0.46784717,1.3454281,1.3203404,0.8052158,-0.6521875,0.09304594,1.828587,0.6549347,0.9728707,-1.2267052,1.3817365,-0.5664045,-0.29308695,-0.8459004,0.88087505,1.1765598,-0.27923355,1.5419855,0.46736455,0.51715165,-0.8327546,0.29803813,1.4145924,1.3155451,-1.3113188,-0.56144977,-0.7410384,-0.37294063,0.1286239,-1.1025953,-0.2789652,-1.276928,1.2617136,0.3309398,-1.4436998,0.011733969,-1.1359118,1.5964961,-0.6618677,-0.24558552,-0.06833843,-0.12079979,0.24973212,0.16113241,0.28963375,-0.6542731,-1.2122213,1.1104871,1.6155609,0.3480594,-1.3503078,1.1665317,1.5546153,-0.0019868135,-0.6200927,-1.4675907,1.5917774,-0.89473176,-0.20325458,-0.113193795,-0.69946724,-0.5165874,-0.12854925,-0.31451288,0.6232709,-0.22578128,1.2118753,-0.6294297,-1.2495333,0.8383772,-1.0432084,0.41889262,1.6490562,1.516087,0.8493938,1.034029,0.5814402,-0.1367858
156,-0.51789737,-0.0641031,1.0,0.0,0.22418381,1.544219,-1.5429431,1.0,0.0,-1.4406918,0.88726586,-0.31729323,0.62141615,0.12671506,-0.08617618,0.36704814,0.7739241,-0.119022034,0.4739119,0.18134204,0.655269,-0.04296966,-0.93994796,0.18546751,-0.52137953,0.92880386,0.44991472,0.36144054,-0.79353446,0.8922814,1.0381656,1.0418085,-1.2203333,1.07813,-0.78991854,0.21895908,-0.65551674,-0.9853524,-0.55714667,-1.1253433,-1.214409,0.46284232,1.5213263,1.5321708,-0.720381,-1.4908849,-1.0404971,0.7520271,-1.0118687,1.4449916,-1.1826228,1.5388722,-0.73930913,-0.49165127,0.14263625,1.1928005,-0.88175285,0.061081048,0.118984014,-0.7341926,1.5867921,0.0087004285,0.092678666,0.21214709,0.84652144,-0.3116421,-0.78868073,1.5642178,1.3304342,1.1943752,-0.85709,-1.3908637,-0.5534828,-1.5250955,-1.503508,0.2291055,1.218176,-1.2192286,1.0806073,-0.89586663,-1.7137353,-1.0747494,-1.0832528,1.2591348,-1.1188769,-1.0968653,-0.10687777,1.5396676,-0.9405092,-0.3747133,0.3032244,-1.4497616,1.1395959,1.5029476,0.08526982,0.60168076,0.32643738,1.0859883,-1.2587928,-0.336972,-0.5323765,-0.26665857
157,-1.0337535,-0.65076023,0.0,1.0,0.040172834,1.3887593,-1.2102095,1.0,0.0,1.0027488,0.7137273,-0.64314896,-0.69294953,0.19903786,1.3656025,0.6382794,0.6612642,-0.871737,-0.102105804,-0.30570546,-0.9824781,0.15201083,1.1923964,0.35318184,0.8110923,-0.19053939,-0.4260574,0.3145636,1.3500096,-0.04457184,0.3910699,-0.47907907,1.5810902,0.046012156,-0.47443813,0.85097986,1.6966444,-0.8479148,0.96086174,0.439089,1.1317933,0.6180033,-0.23967102,-1.5169449,-0.518057,-0.76149595,-1.2040988,-1.6377134,-0.08532309,-0.29391065,1.041176,0.8227683,0.6915127,-1.0249377,0.94479024,0.8408654,0.47399864,0.20716071,-0.7398791,1.2039465,-0.67646724,1.0498182,0.87533534,-1.0559202,0.36729437,0.28008142,-1.0432221,1.2117279,0.9565682,-0.092701726,-1.3920678,1.642395,0.04611344,-0.13562302,-1.1739223,0.99394304,1.3172739,0.49956226,-1.2794499,-0.7074174,-1.0486808,-0.7442975,1.2403936,-1.4596777,-1.5378314,1.0059853,-1.493729,1.3276724,-0.29705137,1.3468511,0.7000282,-0.6827152,1.1229804,-0.103841916,-0.30319425,-0.33200023,0.4469804,-0.81028193,1.2311221,0.042501353,-0.46223843,-0.4739387
158,-0.5906086,-0.91653097,0.0,0.0,-0.58966213,-1.7083241,0.014346026,1.0,1.0,1.7124685,-0.9109812,0.4971543,-1.3046681,-1.2116532,-1.1654272,-1.6435928,-1.1945989,-0.9456279,-0.67293984,-0.9350718,-0.7292747,0.67805904,-1.6147776,1.4636208,-1.0128444,-1.6126915,0.8439964,1.6847613,-0.052049175,1.233979,1.8514564,1.5311105,0.17377444,-0.83785594,1.0310462,-1.5993502,1.4210795,-0.21550114,0.14950728,-1.008009,1.1492268,-1.2091956,0.015559903,0.19909732,0.39828146,0.63591266,1.5587288,-1.2844052,1.0340604,-1.4122409,-0.75013286,1.2010708,0.5758834,0.8283701,-1.0108216,0.7321125,-1.4117538,0.50314045,0.4641014,0.68700063,1.5066489,0.12431751,0.4991812,-0.029500078,1.1562268,-0.26350787,-0.8337084,0.9263909,0.07561597,-1.5029825,1.4645586,-0.20901337,0.022229688,-0.21661776,-1.3376291,1.6967528,-1.5349747,-1.7060956,-0.31519374,1.0673664,-0.027847452,1.5135897,0.6596647,0.7165475,-0.17713709,-0.03538454,0.22838153,0.67479575,-0.91244715,-0.44229758,-1.2863033,0.6339693,1.0015305,-1.3173863,-0.50967705,0.18536213,1.3812157,-0.24134101,-1.2853907,0.0011733273,-0.24811508,-1.4524252
159,-0.8844561,-0.6885625,0.0,0.0,0.2072711,0.20402016,-1.2310394,0.0,1.0,1.7208089,-1.0856783,-0.23402734,0.90963125,1.5153632,0.08588649,-0.21436036,-1.2721032,1.5578854,0.12002762,1.5192127,1.5080855,0.9739456,-0.87896883,0.92478245,-1.1928817,1.5106318,-0.99499965,-1.6497903,0.4743882,1.4457864,0.5605388,-1.3173954,1.6937308,-1.1170794,-0.8896907,-1.3745047,-0.6208649,0.86567724,1.6661998,-0.78063077,-0.63853955,-1.483774,-0.852097,1.3801423,0.27382028,0.5054854,0.7649276,-1.4786272,-1.3297758,-1.4568865,0.55207944,0.22974251,-0.046230458,0.039129466,-0.28755894,-1.3984101,-0.14308912,-1.3061138,0.6884209,0.38489404,0.5228223,-1.1818639,0.29369387,0.35813585,0.32884267,0.66961074,1.0011017,-1.3629115,0.7137885,1.3643306,0.84432024,0.32608983,0.6451034,0.37927186,0.6543866,0.58802015,1.1087525,1.5100589,-0.8940834,1.5358914,0.32141957,0.6307061,0.12812279,0.54531384,0.9961188,0.3693191,0.24861428,-0.14438434,1.1593826,0.50798184,-0.76253575,-1.0137779,1.6484933,0.12796953,-0.67271125,0.75208753,0.052906096,1.5719622,0.5211674,0.88125134,0.41034755,-1.6337771
160,-0.99585086,-0.7083618,0.0,1.0,-0.8977413,0.5037033,-0.48228642,0.0,1.0,1.4725504,0.7215268,0.059671193,-1.479683,0.38055727,0.9145583,0.6526927,-1.5245694,-0.8438403,-0.55534375,0.25707558,-0.9323972,1.4409815,1.2751774,-0.9254577,-1.2127839,-0.89109486,-0.79899937,-0.58217674,0.08359712,-0.8451766,1.0117369,0.69112957,0.5315413,0.82524943,0.86956763,-0.49988797,0.2891753,1.6936886,1.6773573,0.506313,-0.94753236,-0.25523818,1.757624,-0.68837166,-0.3746434,0.3969358,-0.9951031,-0.5719452,-1.0041065,0.7650236,-1.191656,0.47517365,0.41256636,-1.5016772,0.32115927,1.573633,-1.0910836,0.66390544,1.4229105,0.1141305,0.28270343,-1.5987786,-1.540815,1.1832368,0.5378039,1.6896379,-1.6743582,-1.0685879,0.14549112,-1.0815784,1.7007581,-1.3372395,-0.93602157,-0.62745667,0.43520603,0.6809776,1.5402571,-0.8342808,-1.1150652,-1.450863,-0.11474604,1.1980971,0.6508395,1.1429523,1.0413135,1.3519417,0.58432657,0.4957266,0.1968246,-0.065488264,0.45183656,1.4051857,-1.4077377,-1.1974164,0.038853824,0.08260153,-1.0989141,1.6904702,-1.3183228,1.6145438,-1.3587425,1.6659585
161,-1.4352301,-1.3186827,0.0,1.0,0.6544187,-0.22341727,-1.6100787,1.0,1.0,1.5923959,0.7428244,0.85575765,-1.1283604,-0.3457508,-0.97624487,0.9639225,0.71998215,-1.6141241,-1.6084536,0.026493626,0.9558407,-0.7671674,0.40890288,0.22100624,0.23256531,0.53687346,-0.9526104,-0.16206901,0.112269595,-0.2263332,0.27159145,-1.43677,-1.3801095,-1.6087699,-0.29832736,0.45111352,1.4917274,-0.23224697,1.4461108,-0.77833885,0.56444365,-1.4199969,1.0733832,-1.5019974,0.95668316,0.8382225,0.5319337,-1.0186142,-1.6955303,0.38786894,0.8031478,-0.5179284,0.63136476,-0.12936892,0.6604987,-0.726396,-0.5603468,1.5666295,1.0991704,1.4244665,1.1183876,0.6216019,1.7096956,0.13790083,0.20167623,0.7880959,0.4260359,0.4427803,0.9445581,-0.86219406,-0.009517595,-1.5504358,-1.3638633,1.6203535,0.75706995,-0.28433788,0.0897943,-1.4062103,-0.5587158,0.5878895,0.04033087,0.84904206,0.9712175,0.73650676,-0.33535236,-0.27482256,-0.58866477,0.8150104,-0.67908907,0.08743597,-1.4054769,0.08574251,0.3473682,-0.6832734,-1.0799342,-0.6330995,-0.42062646,0.07905991,-1.4667071,0.50944245,-0.8438678,1.3530498
162,0.62597376,0.94067425,1.0,1.0,1.6133695,-0.7151403,0.23987462,0.0,1.0,0.5814984,-1.4182088,0.09836948,-1.402297,-1.4699448,-1.3399351,-1.284965,1.1677356,-0.07167547,-0.14374024,0.7648715,0.58953017,-1.6459143,1.1472516,-0.6776385,1.2352117,1.6985447,-0.34661338,1.6410782,0.30876988,1.0858401,0.941399,0.3398328,0.69509023,-1.5274111,-1.1486913,-1.2245203,-0.9768222,-0.39032164,-0.66214275,1.6763097,-1.1042107,-0.20350324,0.29791528,-1.107901,-0.2909464,1.2528023,-1.6880773,0.72717583,-0.5606142,0.5811422,-1.7554548,0.31300837,0.45649204,-0.41636235,1.5249882,-0.72064435,-0.82478017,0.58428967,-1.4352577,1.5441043,-0.83130103,0.19239464,-1.6530408,0.7768095,-1.3750057,-1.0118614,1.4203925,1.3238001,1.1424276,0.8580271,-1.722412,-1.1046847,0.6131515,0.10448001,-0.74459875,-0.89443845,-1.2890447,0.7808957,0.8966213,-1.469529,0.2632945,-0.21128038,0.7495255,0.740389,0.94743615,1.312507,0.4623467,-0.5314735,-1.528385,1.2703434,1.4392503,-1.5386457,0.7064902,1.0046606,-0.6011935,0.6877854,-0.7437733,0.91116506,-1.7689666,0.19832078,1.0486897,-1.0452594
163,0.6538972,0.45959345,0.0,0.0,0.32510874,-1.1991463,1.0234977,0.0,0.0,1.0179312,-0.92461747,-0.19413479,0.56707627,1.5512921,-0.7429702,-1.5636972,1.4534215,-0.74970025,-1.2219905,-1.5972117,1.4678788,-1.6661546,0.8286075,-0.669768,-0.002273944,-1.3167242,-0.105148785,1.6961948,0.714782,1.4395236,1.8311741,-0.5425368,1.234842,0.09501208,0.65088874,-0.250548,-1.5781722,0.2097557,-1.6245488,0.64130396,0.019016381,-1.1477091,-0.05834137,-0.82811105,1.7678075,1.2702907,-0.052771423,0.30023363,-1.3681339,0.066462986,-0.33650827,-1.0116054,0.18721256,-0.8923094,0.018225946,1.455457,-0.17052242,0.23684202,-1.1829429,-0.334901,-1.4741311,0.09815088,0.4833382,1.438847,-0.16241932,0.6307957,-0.80961025,1.3059425,-0.28453264,0.034319576,1.4998581,-1.0149374,0.9060976,1.4277505,0.6574693,0.71742636,1.5086684,0.4717401,-0.06446899,-0.86707854,-0.586723,-0.7715803,-1.3127378,0.3473196,-1.5060784,-0.9133242,-1.1508143,-0.7969897,0.96481085,-1.374758,0.29321176,1.7530134,-0.34459767,0.20596936,0.5160846,1.7139014,1.1979982,-1.4218067,1.676349,0.1724572,-0.49835977,-0.77208483
164,-0.49428868,-0.14105079,0.0,1.0,0.038407907,0.12854111,-0.20390403,1.0,1.0,0.21867307,0.84689045,-0.83544546,-0.9956893,-0.9836917,-0.80217177,-1.496509,1.246057,1.5701749,-0.76313996,-0.069801085,1.09008,-0.26119027,0.13460778,0.9374195,-0.25624007,0.3764806,0.8317238,-1.6360486,-0.21611203,0.44390014,-1.7630168,-0.75524217,0.74199754,0.38348743,-0.6442711,-0.6920727,-0.36660397,-0.57868814,0.46512428,-1.623041,1.4830611,-1.2313372,-0.64402825,0.45341077,0.42840734,-1.5379953,-1.424443,0.3881738,0.3716447,1.3215802,0.9245378,-1.3998711,1.5407279,0.15764596,-1.1052237,-0.81012183,-0.2309552,-0.32994252,1.277154,-0.91778266,1.6324091,1.0063019,1.34926,0.6988119,0.64593697,0.16505048,1.1146215,1.3030015,1.1939597,-1.0162598,0.39280653,-1.714996,0.3623399,-0.29671475,-0.60738665,1.6201984,-0.10460281,1.1540103,1.5867509,1.0431036,0.5189724,0.54892856,-1.3109778,-0.85197955,-0.69368666,1.5615314,0.90666324,-0.0012182856,0.50165796,1.6930417,-0.17755775,-0.25853556,0.9231959,-0.5527268,0.7836239,-1.0272723,0.78247553,-1.4628662,-0.79336786,0.1861264,1.4428073,-0.29893222
165,-0.42383155,-0.5397738,0.0,0.0,-0.19553706,-0.69664776,-0.22145434,0.0,1.0,-0.23098865,1.1711737,0.013124653,-0.2568751,1.1393759,-1.475869,-1.3735774,1.7077153,0.63137746,0.6119084,0.71870047,0.7481327,-0.39721438,-1.2011954,0.6987189,0.3813655,-0.7842651,1.5585467,0.84534764,0.54256827,-1.0566206,-0.7108892,0.2423412,-1.5669365,0.053135764,-0.13565911,1.0491427,-0.66845906,-0.732187,-0.7564082,0.39638498,0.5900694,0.16238956,0.7948328,0.17695184,-0.9783458,0.75886935,-0.99460745,-1.019712,-0.9010815,-1.1882659,-0.42321405,-1.6928427,1.5621136,1.0780798,-1.0344211,-0.9673232,-1.1326495,-0.51455307,-0.9959599,-0.9860186,0.6482314,-0.028320506,-0.5989717,-0.029301839,0.82426125,1.4428306,-0.54411465,-1.4001449,0.36855164,-1.1882906,-0.9981332,0.78264403,0.83255124,-0.6482794,-1.4662668,-1.8032455,-0.37553132,1.0586172,0.8815909,0.6724528,-0.6893508,1.6060716,0.52040553,-1.6993622,-1.4490334,-1.3973987,-0.37468904,-0.84346396,-1.5598003,-0.4394618,-1.1444908,-0.81909335,-0.8240132,1.1650988,1.2209114,-0.1593782,-1.4085001,1.4457053,0.6062383,-0.9985203,-1.4468422,0.66034055
166,-0.9323285,-1.3059652,1.0,0.0,-0.782668,-1.0371914,-0.92655194,1.0,0.0,-0.12620674,1.7347653,-1.3176092,0.12396213,-1.3486845,-0.82361937,-0.08907739,0.32343677,0.83498996,0.9652314,-0.038121585,-1.1889755,1.2734966,1.7695949,1.1604656,-0.26703334,-1.6010932,0.24767716,0.0643188,0.81057507,-0.58581525,-0.8014351,-0.63741297,0.8785263,1.445774,-1.5977079,-1.3831623,-0.13287763,1.1203943,0.18184455,0.5135461,-0.68573034,0.3683939,-1.6114714,0.5755421,0.16414046,-1.0264312,0.7162093,-1.563882,-1.354783,0.9064922,0.91826004,0.04469039,1.294193,1.004092,-0.6632827,-1.593774,1.5038661,0.6596161,-1.3023529,0.077996455,1.0139664,1.3325269,0.5489646,-1.4986293,0.7865521,-0.8740231,1.2004778,0.4584431,-1.3761317,-0.60307646,0.113607414,-0.14592968,0.841038,0.8382386,-1.3752677,-0.61504364,0.09663459,1.2574137,1.3438729,-1.4222492,-0.89866334,-0.78619623,1.6359774,0.793316,0.57736444,0.4385991,0.7049246,1.4088182,1.4121445,0.63799715,-0.9523949,0.20907706,0.059448466,-0.11594907,1.0636135,-0.12806046,-0.75388104,1.2323593,-0.98423535,0.015172035,-1.3974985,-0.21257491
167,-0.6067767,-1.2652248,0.0,1.0,-1.6333572,1.5942863,0.0929884,0.0,0.0,-1.1956464,-1.6751167,-1.3658626,1.530424,0.7017843,-0.2678472,0.8194052,0.07840877,1.214415,0.5981504,1.5399708,0.26426357,-0.6448708,0.36211404,0.5980348,0.35523483,-0.6432561,1.6173095,-1.2573186,1.3064643,-0.18132152,-0.9889268,-0.43876994,-1.6505347,-0.939853,-0.55579543,-1.4651634,-0.65448654,1.0520948,0.13098772,1.359999,0.81154907,-1.6926817,-0.14888975,1.2175902,1.4351587,0.8937087,-1.2670496,-0.65599465,-0.7917631,-0.7580919,0.7276128,-1.0480958,-0.8972445,0.44726402,0.15065141,-0.3758912,1.1303649,0.3930811,0.0039854385,-1.2905025,0.6865107,0.57638377,-1.3979547,1.4267691,-0.60270053,1.7056501,-0.9207558,1.1196982,-0.28476933,0.37429893,-1.7222626,0.77965236,-0.98610115,-0.8134624,0.74101764,0.6499847,0.97880036,1.4706169,-0.6919454,-0.2715832,-0.57744074,1.3103818,-0.0002687149,1.0604765,-1.5498463,-0.5612772,-0.42924157,-1.097524,-0.43584353,1.456975,1.2387414,-1.3425741,0.15492971,1.5288216,0.27454144,-1.4548455,-0.6895955,-0.45505816,-1.6917468,1.564376,0.5630479,-0.935655
168,0.24677543,0.73954993,0.0,0.0,-0.23425269,-0.987476,0.72373325,0.0,1.0,-0.6691294,0.9076763,-1.5936661,-0.17078699,-1.2899053,0.23185222,0.52094156,0.7770452,-0.4872136,-0.29947802,-0.53296316,1.6788174,0.3951135,-1.5651801,0.21900342,-0.33472484,0.0942102,1.4461303,-1.7455285,0.013767696,-0.07207663,0.54992723,-0.39293686,0.15267658,0.3622006,-1.5508409,-1.1539196,-1.069991,1.686171,-0.11514028,0.847092,0.81018966,-1.3180779,1.6406075,0.8794233,1.1701633,-0.11319359,1.2669284,-1.0407374,1.4394867,0.06283713,-1.1833754,1.0936422,1.1204752,-0.42990118,0.914505,-1.1028745,1.4890553,0.706553,0.93320566,-0.3262271,-1.35754,0.5272779,-0.022386098,0.1630762,-1.40466,-0.04865916,-1.4633259,-1.5315806,-1.1223533,-1.3783033,1.7031173,1.1873081,1.7795132,-0.6759365,-0.018738262,0.010789422,1.0506704,-0.40291852,0.54139215,0.54441077,-1.6047164,-0.24914056,1.05429,0.10711489,-1.4524763,0.051274862,0.79244745,-1.6821994,-0.6715214,-1.180557,-0.014199917,-0.2622222,-1.5821521,0.61982477,-0.37110618,-0.7285222,-1.0376247,0.7636701,-0.011010928,0.75338525,-0.6768083,-0.59036326
169,-1.0400558,-1.5725937,0.0,0.0,-1.102664,1.4030647,-1.09699,0.0,0.0,1.7184438,-0.6314495,-0.064583026,1.0798383,-0.61031485,-0.8152075,1.0258902,0.26553586,-0.3072274,-0.9721888,0.7179536,-0.6698474,0.49227726,-0.0023531723,-1.0718191,-0.7703097,-1.363135,-0.8694171,-0.53922766,0.75038666,-0.12129379,0.98366666,1.5948794,1.1234697,0.99570364,-0.9727665,0.90741783,-1.1215458,0.733625,0.91134655,1.3856215,1.6171722,0.45836174,-0.14864804,1.2244706,1.3038541,1.2814817,-0.8301096,-0.42073843,-0.22851868,1.7141051,0.50108886,1.7929358,0.47198048,-0.7683557,-0.6093118,-0.016778026,1.0703033,0.11900435,-0.89437103,0.012554374,-0.37913474,1.7222918,-0.37465987,0.9941497,-1.0788054,1.5373654,1.0663825,0.18866484,0.50713825,-1.5418861,-1.3444219,1.3911542,-0.3789572,0.1335936,1.5976517,-0.8693772,-1.1203773,-1.4514474,-1.138275,1.4283488,0.74441034,-0.03636376,-1.7322158,0.8356307,0.9919249,-1.3200684,0.2293987,-0.20388049,-1.1885525,1.0360032,-1.1860595,0.08092455,-0.60504615,-1.0533991,1.0871656,0.041271638,-0.39871538,1.4751151,0.8499066,-0.35645512,-0.5200431,-1.3300714
170,-0.06421078,-0.5213134,1.0,0.0,1.4744883,1.085682,-1.4568012,1.0,1.0,1.7677789,0.8894247,0.97500354,0.4701533,0.3362761,-1.6196971,0.17935313,1.5764017,-0.32957006,-0.24695364,-1.2590415,-0.30410957,-0.9204489,1.5362301,-0.8183042,0.44809586,-0.73686016,1.604178,-1.4759594,-1.4422977,1.4009899,-0.3413769,0.7437491,-1.1639076,-0.5178906,-1.2557871,0.44520628,0.10104115,-0.8227359,-0.22861472,0.5732039,-0.35762164,1.3132584,1.2887458,-1.0413399,1.7884486,1.4143922,-0.8335149,0.6367369,1.374545,0.30138308,0.981423,0.08089572,-1.3754464,1.472542,-1.5055573,0.6072143,0.839466,1.4947962,0.11161417,1.0145092,-1.4866463,0.26069215,1.0149099,1.6169254,1.6458275,0.1901514,0.4548987,0.6598958,-0.07213066,-1.4029151,-0.7187596,-1.6207945,0.43857718,-1.4745892,-1.1785539,0.50255096,-0.54756904,0.8502722,-0.67596877,1.5741279,0.6318229,-1.0076084,-1.3528929,-1.1698241,-1.1636374,0.3944308,-1.2317935,-1.0901926,1.0189726,0.40134725,1.3578706,1.4246892,-0.11984739,-1.2638301,1.2207092,1.4657965,1.3867562,0.6469698,-1.455282,-0.46710402,1.4150488,0.9261597
171,0.7488723,0.049742933,1.0,1.0,-0.6165816,1.033299,1.0353475,0.0,1.0,-0.6695757,-0.021516623,1.551576,1.1772003,0.80321825,-0.3236749,0.39729756,0.6399202,0.4725378,-1.1737815,-1.2102789,-1.4070137,1.6670723,0.86483467,1.3625765,-0.71993345,0.08475329,-0.28260562,-0.10426588,-1.504944,-0.06303549,-0.36247864,0.13382451,-1.3951948,-0.78051597,0.028733727,-1.714055,-0.44481614,-1.7005999,1.3817242,0.17612445,-0.89818937,0.9556334,1.6933701,-0.83916426,-1.5402713,-0.21817416,-0.90907264,1.337901,1.576945,-1.0264156,-0.31267965,1.493376,1.5607373,-1.0013673,-1.5038029,0.8900621,-0.8935245,1.0887425,1.1722146,0.3175035,1.1039468,-0.38803613,0.07239717,-1.1463188,0.41358194,-0.7836366,-0.22071575,0.33634797,-0.58819455,0.85808367,0.8084505,-0.15269224,-1.3881375,1.462986,-0.2630496,-1.1829435,-1.5331061,-0.36858237,0.3767306,0.2096397,1.0937036,0.0368602,0.2817007,-0.11351891,-1.3920166,-0.4442474,1.249136,0.8032455,0.5347516,-0.16107029,0.111278646,-1.0217861,-0.13104478,0.81206423,0.6557796,-0.29425168,0.76890445,0.16572292,0.15020053,0.8542581,-0.19645533,0.5938365
172,-0.45508182,0.4540125,1.0,0.0,1.1138169,-0.30213177,-1.4267946,0.0,1.0,-0.10249139,-1.5601723,-0.69408655,-1.4763424,-0.63361484,1.4970821,-0.21160674,-1.502092,-0.3082255,-1.215009,-1.5598675,-1.198042,0.7611425,1.2282825,1.4571385,-1.0973301,1.264172,-0.39841226,0.42606533,1.4920005,0.89670944,1.2383102,1.7201375,-0.9714512,1.3574625,-1.6131824,-1.6067383,-1.0956492,0.07833356,-1.1817694,0.31417975,-1.6845117,0.52432656,-1.134404,1.5314367,-1.1054056,1.1996871,-1.3928735,-0.95359343,-0.7314415,-1.3898845,0.31856677,-0.6885559,-0.9269609,-0.15620044,1.4016308,-0.22458963,-0.10165907,-0.31426552,0.33738244,-0.3134249,-0.1413521,-0.28396764,1.0320499,-0.1089397,-0.17946616,1.4906234,-1.2401925,0.45277146,-0.7371398,0.08674661,0.13713503,1.420147,0.9671154,-0.31169108,0.5665736,1.5963842,1.0732406,-1.043245,1.1210951,-1.646112,1.0938674,-0.33353874,-0.68474966,-0.9339955,-1.1150845,1.0650512,-0.5127003,0.50541854,1.3446578,1.6000338,-1.4588293,-0.041680034,-0.22986902,0.047371022,0.59995216,0.35804698,-1.5296814,-0.21279927,-0.6147909,0.92235404,-1.0154697,-1.2644925
173,-0.4328775,0.40813798,0.0,1.0,0.5451964,1.6031721,-0.7457528,0.0,0.0,-1.4043597,1.2457408,1.1256186,-1.231507,0.7137131,1.0910321,-1.1343032,-1.2676631,0.33104926,-1.7766972,1.5724859,-1.7019308,0.75590974,1.2946594,-0.31333086,-0.3722635,-1.3391931,-1.5828477,0.13191526,0.63759744,-1.4774994,-0.8270192,1.6187654,1.3747215,0.6148107,-0.42151245,0.58333254,1.1938642,-0.5417632,0.32582197,-0.24467354,-1.379205,-1.3935457,1.0058697,0.71033764,-1.4597921,-0.17927197,-1.4825612,-1.5200124,0.32295612,0.2044749,-0.80539054,-0.54055756,-0.058860134,0.975083,0.21170825,-0.6583013,0.19563147,-0.26016238,-0.13227044,0.67660403,-0.62994695,-0.16475649,0.17279595,-1.2230088,-1.1704232,1.4182684,-0.6137843,-0.7313877,0.21275097,0.13530974,0.08713188,-1.1107835,0.9448632,0.7945976,-0.84065366,-0.55324894,0.6317973,0.54205495,-1.7166218,-0.56122786,-1.4477075,-1.0514908,-0.4418564,-1.1165307,-0.97468275,1.5537838,-0.4910185,-0.053432915,1.5218829,-0.13185611,0.071351804,-0.02312738,-0.23505966,0.9559293,0.06322188,0.7801413,1.2930727,-1.4936947,-0.8340011,0.26011595,1.3098203,1.1868932
174,0.1269308,-0.22846189,1.0,1.0,1.568503,0.46863732,-0.67301625,1.0,0.0,1.2834533,-1.4962398,-1.6275291,1.5762968,1.1800822,1.3301417,1.3501226,-0.9318681,-0.40177396,1.5867141,-1.7520661,-0.46595767,-0.8889438,0.0060151876,0.43805456,-1.6179003,-1.6134025,0.38043216,-0.038652577,-0.31387496,-1.0181644,1.2172511,1.2222153,-1.3946904,1.3401871,-0.6189527,-0.93117774,0.95479405,-0.9255564,0.71916515,0.17019157,0.16359116,0.1346996,0.8825037,0.68890303,1.6405642,-1.3768076,-0.8963721,-1.6830648,-1.4212806,-0.66177803,1.1398209,0.9324401,-1.5059304,-0.71053576,1.1378037,-1.3262001,-0.39179578,-0.47097346,1.5992436,-1.2070909,0.6415009,-0.93722385,-1.0299661,-1.1567822,-1.5352725,1.0544099,-1.0634608,1.5919772,0.59117806,0.18095848,0.89910394,-0.8264188,1.165821,0.35661495,1.2251363,-0.1448121,-1.5611681,-0.849596,0.9590897,-0.059214316,0.9409998,-1.6690348,-1.5326291,0.05281444,-0.9651353,-1.2556355,0.052486803,0.06449231,-1.6348298,-1.1313747,0.4135388,-1.1718531,1.4429339,1.6961824,-0.85346025,1.6517509,-1.5872915,0.37510526,1.1485456,-0.876118,0.4417488,0.5178758
175,-1.5400656,-2.3520691,0.0,1.0,-1.141164,-0.58498776,-0.7800151,1.0,1.0,1.5287452,-1.641442,1.35565,-1.4188375,-1.4603758,-0.30396557,-0.24062178,0.083040215,1.4561588,1.2867106,-1.5553964,1.4550605,-1.4261678,-0.6397427,-1.6185851,0.8232323,-0.4053633,1.4191749,1.2825266,-1.522088,1.0813856,0.5699871,0.35583937,-1.4130971,0.95793086,-0.60908526,0.11069516,-1.0923564,-0.64355147,1.0207903,1.1290487,-1.552718,-1.5167367,0.09949535,-1.3093251,0.15161592,1.4083623,-0.5248794,-0.1124257,0.896364,-0.7618197,0.95532894,1.4522345,-0.816536,1.0024846,1.2187045,-1.1517899,0.9582014,-1.5153872,-0.84849864,0.30984187,-0.47192788,1.5476602,-1.3462324,-1.1217276,-1.4570458,-0.043795485,0.82164556,0.75438106,0.1971983,1.6513786,-0.12623458,0.32152894,1.7355219,-0.6780463,-0.062707774,0.5711277,0.7588379,1.2294269,-0.2987757,1.146616,-0.4724342,-1.645908,0.30006066,0.8973484,1.0007914,-1.2271477,-1.4062485,-0.5178059,0.97073764,-0.52122307,0.7046437,0.4897985,-0.31666693,-1.1111851,-0.53074056,-0.09019525,0.48191428,-0.7032287,1.6353253,-1.4453429,0.94372565,1.0416536
176,0.5869907,0.24165834,0.0,0.0,0.322924,1.3947401,0.28178492,0.0,0.0,1.765372,-0.46227083,0.5401175,-0.91633,0.97487396,-0.7063231,-0.8236582,-0.32289472,-0.24023235,0.45239952,-0.41189024,-1.6063676,0.018371087,1.4758214,-0.15695903,0.6128051,0.09526417,-1.7215419,-1.6170738,0.930435,1.2789311,1.5364763,0.5040144,-1.6189088,-1.4629896,-0.67552763,-1.3959092,-0.1351173,-0.9662689,-1.496651,1.6043785,-0.2701326,-0.25405988,1.2856429,-0.9226851,0.77138954,-0.047966216,0.30609858,-0.39324155,-0.24013832,0.60372967,-1.3278284,0.93137485,1.5081795,0.66308033,1.4550583,-1.1973163,-1.5060917,0.015884705,-0.4543205,1.5295104,0.608305,1.1835164,-0.52086174,-0.22017711,0.020968985,0.990492,-1.5149099,-1.1116751,-0.8168398,-0.89612097,0.5338553,0.43366387,1.0981112,0.9561555,1.4068719,-0.3953814,-0.5458143,-0.8396806,0.76894397,-0.17744689,-1.4106499,1.0173765,0.035761002,0.6665262,0.6514758,-0.19223055,-0.99325806,-1.4666108,-0.41559127,-0.54763794,1.4759146,0.3974006,-1.4122446,1.2027704,-1.0792685,-0.18964602,-1.2965858,0.7170337,0.9303259,0.53653413,1.425497,-0.39923793
177,0.51212883,0.2239581,1.0,0.0,0.5875009,-1.3670408,0.32849747,0.0,0.0,-1.2695407,0.85487515,-1.3688009,-1.1023216,0.6860488,-1.3394095,1.0546778,-1.0993798,-0.8311653,-0.12691933,-1.0212812,0.15595546,-0.43837315,0.43893835,-1.3030864,-1.1180413,0.18689299,-0.8520444,-0.5883239,0.9456892,-1.5244423,0.86276203,0.38968003,-0.53000575,1.0056932,1.4429231,-0.7167596,0.5225483,0.764885,0.7189415,-0.984443,0.010571993,1.241638,1.1810144,0.21586072,0.6008774,-1.6911887,0.15837897,0.35302863,0.45575646,-0.028854135,-0.6166554,1.6057394,0.7395556,0.27823025,1.1884363,-0.5482638,1.2908403,1.4719025,1.1701715,-1.0457373,-1.2277262,1.0766709,-1.2600155,1.4646057,-0.59001315,0.5753384,-1.5183799,-1.2971619,1.6070704,0.09257276,-0.03463068,-1.5284064,-0.08967116,-0.61800253,-0.28026378,-1.3633375,0.1482842,1.4421444,-0.9808459,-0.25317165,0.051502142,0.8851209,1.6322002,0.2427803,1.6061122,1.5540769,1.2422653,0.9544133,-0.66738707,-1.1604314,-0.3081442,-0.8806393,-0.6871655,0.3664547,1.6385555,0.5287934,0.90719455,1.655149,1.0322174,0.11082616,-0.7683451,1.5673646
178,0.45128274,0.23442599,0.0,0.0,-0.1734537,1.2172768,0.39520508,1.0,0.0,1.54807,1.2410643,0.37524757,-0.17290941,0.6986444,-0.79960865,-0.20282295,1.3479381,1.2833636,1.5747955,1.2934198,0.7772091,1.0310773,1.298006,0.6211416,-1.0584432,1.0142494,-0.77703136,0.9259248,-1.6644025,0.44492587,1.6837811,0.36049914,-1.2304378,-1.1091926,1.564584,-0.8327494,-1.1743026,-1.4433744,1.6541736,0.22459967,-0.35532522,1.5205506,0.69350857,-0.6536181,1.1137857,-1.3899754,0.9205972,-0.33333844,1.2946107,1.4254538,-0.7246751,-0.8181851,1.3068335,-1.7032655,1.0623269,-0.90594774,0.983257,-0.8203191,-0.21919651,1.3702385,-1.0929865,1.3735837,-0.715874,0.6547818,-0.8408374,0.978479,1.7260482,0.82865876,-1.5401983,0.057393253,0.8604525,0.80836886,0.79733366,-1.1395086,0.3631258,0.53320396,0.85827494,-0.41905704,0.7447411,0.74016744,-1.1023651,0.7002958,-0.35690138,1.493968,-1.525992,0.10094226,0.8801252,-0.17391297,-0.047381938,1.6154413,1.3414106,-0.6218707,-0.54130864,0.30230838,1.7360849,0.5322504,-1.7575308,-1.3089476,-1.6113499,-0.5387678,-1.389317,-1.1899744
179,0.38823143,0.55521834,1.0,0.0,0.2677039,1.2814918,-0.34534606,1.0,1.0,0.056302585,0.91038704,-1.59288,1.6274706,-1.4872023,0.38783985,1.5873966,-0.7158272,1.373551,-1.3666401,-0.34606683,0.76861537,-0.21927503,-1.6080022,-0.8394623,1.6466726,-1.168538,1.5495524,1.6775053,0.88584226,1.5712194,-0.79650927,-1.0434419,1.1707948,-0.9965925,0.5393856,-0.24940225,0.28783733,1.4388003,-0.15285902,0.47772473,0.45127508,-0.8870556,0.44533736,0.31175363,1.2675577,-0.9376779,1.1471322,-1.0747168,-1.4918554,0.39432377,-1.4283766,-0.46856692,-0.5790138,0.800093,-1.4857408,-0.096601605,0.89543897,0.86727726,-0.7942366,-0.20259398,-1.3987808,-0.8421797,1.7230455,0.6820355,-1.4909222,0.09226304,-0.11218374,-1.4001651,1.2364007,1.0077201,0.43664432,-1.176664,-0.16325365,-0.5538869,1.5293809,0.8290799,-0.9186994,-0.1980969,1.3378627,1.3936986,0.5092777,-0.6298028,-0.11376281,0.90431833,-0.74165136,-0.20407201,1.1422399,1.2061272,-0.43837997,-1.1701226,-0.012681053,1.3136259,-1.6360458,-0.44642714,0.72332907,-0.11399993,0.7523086,0.06840241,0.17446919,-1.0005611,0.41613853,0.41705266
180,-2.540554,-3.0015616,0.0,1.0,-1.5305048,-1.3960339,-1.6574402,0.0,1.0,1.6653663,0.39015967,0.06634651,1.7329426,1.6619374,-1.5127234,-0.2029601,-0.27633297,1.5812286,1.6507918,-0.45148957,-0.39950845,-0.43292323,1.2178853,-0.73915786,-1.2245989,1.0292654,-0.5883486,1.0413127,-0.45137176,-1.6514695,-0.13298011,-1.1578188,-0.440961,1.54384,-0.36664817,-0.9755705,0.50212157,0.948966,0.7719845,0.4561377,0.4018455,-1.1036059,0.16523784,0.7032012,-0.15116796,1.1537236,0.89688426,-0.9388838,1.4833132,-1.5094395,-1.2608209,0.2675876,1.2425259,0.2829545,1.6119602,0.96969765,1.4319131,-0.46223184,-0.28998265,-1.4786302,-0.8298214,-0.15902907,1.3767626,0.92271715,1.247095,1.2106566,0.73993546,-0.28794262,-0.08883036,-0.38070303,-1.3047187,1.134657,0.56403184,-1.4748198,-0.8832325,0.9371721,0.8269468,-0.81420666,-1.4644432,-0.33368582,1.3275055,-0.16883059,-0.14576451,-0.46604156,0.92971045,-0.8327937,0.58416325,-1.06005,0.73921835,0.2969756,-1.7208675,1.1237245,-1.6238784,-1.2658259,-0.2673922,1.0783486,0.6382161,0.8023346,-0.34478885,1.3414495,1.6390773,1.0642637
181,0.7952331,0.73563886,0.0,0.0,-0.42838764,-0.65524346,1.4310791,0.0,0.0,1.7527753,-1.6636299,0.6467664,1.5993906,-0.97969514,-0.13808432,-0.16119036,0.60313237,-0.2062877,1.1872096,-0.16033155,-0.9524964,0.6794868,-0.13822299,0.6702829,-1.240175,-1.5863385,1.4191636,-1.6388911,-1.0116535,0.03751226,0.7088073,1.66278,-0.36677894,-0.75984687,-1.1213285,1.5575048,0.019497374,-1.1266471,1.5188116,-0.88383436,-0.017301742,0.66792053,-0.2151148,1.5842499,-1.548124,1.0137529,0.347454,1.4202709,1.5454315,-0.7933348,0.9797798,0.72483903,0.6275113,0.32535994,0.68068975,-0.24256118,-0.49839595,-1.2432195,-1.6791357,1.0979677,0.06551895,0.43090892,0.49447462,-1.2996016,0.59312767,-1.5748715,1.4166585,0.909979,0.39300033,-0.84706897,-0.899574,0.4412096,-1.1225623,1.0688227,0.7657647,0.6818609,0.9481555,0.7254774,0.26175028,-1.2556484,0.59991217,0.285889,-1.7208493,0.2920779,1.2334899,1.6774007,-1.157572,-0.59040046,-1.0607775,-1.3786885,1.7241584,1.6040794,-0.8623606,1.7459893,-0.21768746,-0.11260338,1.0932832,-0.37639484,-1.6858178,0.6093644,-1.4218792,0.3738764
182,-0.20029701,-0.02903154,1.0,0.0,-0.94225,0.9759089,-0.42877284,1.0,0.0,-0.0109420065,-0.73223674,-0.8366418,-0.618681,-0.42472637,0.34396642,1.3103057,-0.3545716,1.3021252,-1.4549975,0.5799046,-1.0188434,-0.11165816,-1.2974683,0.94606227,-0.2915569,-0.2861568,1.5008041,1.6881609,1.2848479,-1.450652,0.2457743,1.5388408,-0.26843715,1.5304832,-0.7175575,-0.51522934,-1.7069141,0.61332387,-0.50263786,0.102886744,0.29009712,-0.35635093,-0.18684217,1.5264331,-0.39875948,-1.2958556,0.05726926,-0.3162137,0.44192284,0.8472422,-1.5293831,-0.995007,1.2231928,1.2498761,1.4355692,0.7360761,0.9226316,1.0033258,1.5330155,-0.5118457,1.0048587,-0.48870376,-1.4330982,0.87318444,1.1120534,-0.6563226,0.3305291,-1.358577,-1.6882477,-0.5274503,1.1218803,0.88469964,-1.4420671,1.1406081,1.5487872,0.49795464,-0.63486487,-0.5140053,0.4964624,-1.1794087,0.6465467,-0.28546572,0.677125,0.45939234,1.2925872,1.7443943,-1.4887744,0.13202377,-1.0374572,-1.3327298,1.2273839,0.80535114,-0.3579468,-0.41630846,0.16852033,-0.41708925,-1.6658002,-1.1411645,-1.4850296,-0.74103016,0.20507349,0.56346345
183,-1.4285064,-1.270805,0.0,0.0,-0.6105253,0.8739988,-1.6956525,0.0,1.0,1.7608296,1.3158973,1.1643726,0.65328676,1.0474517,0.101650655,0.8020764,1.4275873,0.5023507,-0.008681136,-1.2204988,0.9713568,-0.8632667,0.7698602,1.6358105,0.28640655,1.5170649,-1.6954254,1.2845045,-1.6493175,0.51748765,0.6285928,-0.55288905,-0.37560138,0.77232856,-0.68047184,-0.20993336,1.5802908,-1.5049138,1.7076979,1.5997747,1.1057265,-1.5801396,-0.7099115,1.6594931,-1.0028036,-0.8823888,-1.5819675,0.5348302,1.6034529,1.6427809,-1.7440993,0.93076134,0.69140553,1.0766966,-0.51637685,0.8523909,-1.3730264,-0.20105097,1.5152326,-0.70756114,-1.1770278,1.2823558,1.6055508,1.2072479,1.4654738,-1.5202814,1.2955631,-1.0522546,0.34894767,-1.2733395,-0.2280861,-0.11392243,1.6145794,-0.27967635,-0.42064252,-0.0080922805,-1.1645216,-0.6888219,-1.0075039,0.09409061,-0.6608618,1.6137837,0.77783257,0.06632549,0.80287015,0.75811636,-0.06978122,-1.7207559,0.9649221,1.2577507,0.94531006,-1.4908254,1.5987058,0.9759043,0.8854676,0.6844809,0.06322923,1.4114411,1.2070665,1.6393807,1.6553102,1.7744269
184,0.8777812,1.03025,1.0,0.0,-0.41386873,0.9062996,0.7031051,1.0,0.0,0.4729328,0.9280299,0.32408586,-0.28540596,0.913478,0.50386095,1.0032008,-0.24672294,-1.0653718,-1.3013018,0.93709415,0.09857535,0.5874292,-0.02283108,-0.12650502,-1.4182539,0.22141975,-0.80735165,-0.7460777,0.94903004,0.987311,-0.80217975,1.0143683,-0.014242684,1.0368321,1.415122,-0.29293007,-0.4724685,1.67619,0.14249478,1.4113557,0.3123286,-0.6713438,0.44188172,1.6127983,-0.368108,-1.142037,0.41191998,6.74128e-05,-1.7050096,1.1714021,-0.41002366,1.4117275,1.0643191,-0.55915385,0.5931322,-1.459599,1.5386854,-0.5490141,0.081711814,-0.56107223,0.15140033,0.23231839,1.1456211,-0.8717344,-1.5257063,-0.58630604,-1.3892585,-0.9735947,1.1381426,-0.55479705,-0.9103006,0.85138947,0.33654854,-1.0090576,-1.1850047,0.19885647,0.24906015,-1.3954707,-0.6948761,0.008485469,-1.3252603,0.26621994,-0.60015655,-1.4962702,0.635408,-0.58586764,-0.109468855,-1.5030483,0.45569834,-1.4179258,-1.4893847,0.07056709,-0.7542138,0.9394905,-1.5274476,1.0716338,-0.86929774,-1.1690774,0.014155672,0.7584534,-1.3930322,0.048369866
185,1.0390202,0.77323,1.0,1.0,0.55400693,1.3319538,0.7602619,0.0,1.0,0.06553104,1.1680255,0.5456973,-1.279891,1.1950215,0.09454627,1.1644003,-1.593884,-0.6881619,1.6765902,-0.40160817,0.3905588,-0.9716167,-0.5498428,0.19751702,0.24948485,1.3201411,-0.9982219,-1.4715761,0.84199667,0.15798837,-0.083193265,1.7524571,-0.16608925,1.4820477,-0.60533506,0.7405858,-0.50696874,0.5604613,-1.0159838,0.046166174,-1.2994108,-1.2655195,-0.4481829,1.3262713,1.5565013,-1.6342045,1.5385815,1.1060201,0.021372646,-0.47405428,-0.048735585,-0.10806956,-0.09368837,-1.2681147,-0.71942514,0.6565084,-1.1331065,0.81445825,0.8087319,1.627595,-1.5701848,1.6453726,1.3430865,0.7916118,-0.43941975,-1.2890677,0.17106737,-1.0547601,0.4104283,-1.590712,-0.70382464,-0.25932595,-0.65696,-0.68683475,1.5563287,-0.58544964,-0.9181483,-1.4517826,0.8577538,-1.4817165,0.69781494,1.4785442,-0.4488249,0.7970335,0.09302124,0.1168025,-0.17978483,0.11441806,-0.51165885,0.13391267,1.4635401,1.5787555,-0.45314208,-0.05878825,-0.60926694,-1.4217409,-1.686408,-0.492971,-0.5815276,1.2334166,-1.0948796,0.45507365
186,-1.3990375,-1.4829386,0.0,1.0,1.0639774,-1.188218,-1.5182499,1.0,0.0,-1.0049812,0.93971324,0.21402843,-0.9837458,-0.43977666,0.016581831,-1.6999607,-1.635637,-0.39705193,0.2637773,-0.9647835,0.64013255,-1.6013747,-0.8897846,-0.56903356,0.31627786,1.4029169,0.21070111,-1.2644277,-0.8674568,-0.68167746,-0.90432346,-1.0498743,-0.3994476,-0.943236,1.5537589,-0.76022315,-0.043791294,0.4473359,0.9798222,-0.46616215,0.6404988,-0.9333014,0.86995804,-1.2514564,-1.4766321,0.14057297,1.2263452,0.895402,-0.7358959,-0.41355482,0.3608641,-0.42113167,-0.97510505,-1.4861447,0.694151,0.17797357,0.2504131,0.10109965,-0.36235917,0.6435211,-1.1420047,-0.6312927,-0.731257,0.6476088,0.955388,-1.4953052,1.2249702,0.7529432,-1.0790457,1.2298899,-0.69119227,-0.7812089,-0.45459288,-1.6766273,-0.0020919463,1.5011561,-0.8705401,-1.3267233,1.1565393,1.2029539,-1.1640341,-0.6141111,0.8993852,0.61910534,-1.0592543,1.1158009,-0.8447273,-0.2912488,1.237047,-0.80088824,-0.02625965,1.1580584,1.3532736,1.7682929,0.85070926,-1.1533915,1.2222148,0.015612689,0.93983656,-0.92440194,-0.7667039,0.084397815
187,0.55822957,0.8698639,1.0,0.0,-0.43973356,0.8831645,0.31523013,1.0,1.0,-0.30070758,1.2323425,-0.5530597,-0.009321163,-0.84830755,-0.06555783,-1.6142004,-0.52830696,0.4570153,-0.691047,-1.2045667,0.5191043,-1.4009461,-0.13559094,1.4354706,0.55149925,1.426233,1.5146472,-1.3593495,-0.09710655,-0.34343845,-0.23127571,0.61735916,-1.6345016,-0.9079235,1.5850918,1.1885977,-0.8719776,-1.1425009,-1.6710715,-0.94238824,1.2105985,0.19962357,0.8978556,0.52700007,-0.15670945,-1.4555573,-0.35735053,1.5037911,1.3886461,1.0533743,0.9861671,1.0528247,1.5493193,1.2766385,-1.5150777,-1.612689,-1.1391475,-0.2816704,1.3627737,-0.6321129,-0.775714,-1.3549023,-0.8190885,-1.586744,1.0717891,1.1799175,1.4630733,0.7555726,1.569266,0.35408202,-0.8110279,0.64017904,0.07140412,-0.06362519,-1.4393804,0.4870445,0.049950846,-0.93260294,0.62198466,-0.065085,-1.5136454,-0.13766451,-1.5713973,1.5536407,0.22969867,-1.6379158,-1.2634902,0.83161867,0.19520427,0.054716703,-0.054483905,-1.5891577,1.518412,1.4321684,0.60330135,0.8260509,-0.3165724,0.5989292,1.2683052,0.4107456,-1.1268935,0.5705956
188,-0.6080637,-1.1979467,0.0,1.0,0.96680194,0.7426764,-0.9549798,1.0,0.0,-0.41553187,0.47043896,-0.6743139,-0.4187281,-0.7023811,0.07015198,-0.05411386,0.73736715,0.24786305,-1.1023442,0.04621797,-0.67369497,-1.6937016,0.6342153,1.2268337,1.4804705,0.28202385,0.21892071,-1.4222617,0.9703322,1.3811691,0.84862626,-1.109395,0.09161212,-0.0074338494,-1.6196429,-1.2602184,-1.1387367,-1.5703855,-1.0448195,-1.1998782,-1.3145705,-0.5340922,1.1756643,-0.7457734,-0.8762055,0.9364586,-0.44088587,0.17343646,-0.39386597,1.3810736,1.1889622,-0.57950264,-1.1641226,-0.25102407,-1.4126513,-0.28324798,-0.15673777,-1.0227939,-0.82393146,-1.3911463,-0.25564745,0.99956447,-0.8099326,-0.42867714,-0.7656139,1.0622326,-1.3301373,-1.439666,-1.6573659,-1.0833987,-0.93942475,-0.2379803,0.38340595,-0.29004356,-1.4654638,0.43497774,0.75556046,1.1804936,-1.1503558,-0.30479538,1.8214258,1.092548,-1.0415204,-1.4834636,0.7201326,0.71734977,0.94147277,-0.2835608,-1.3997259,0.5045316,-0.27617562,1.6108694,0.60631055,0.48886162,-1.0690978,-0.61033434,-0.58835125,-1.0233653,-0.14087725,0.83115876,-1.3109664,-0.41459128
189,-0.8767184,-0.4597545,0.0,0.0,-0.6086471,1.3328365,-1.11133,1.0,0.0,-1.3610649,-0.6691725,-1.207296,-1.5392708,1.4527622,-0.4891478,-0.1323396,0.5071187,1.0964898,-1.3921458,1.4024148,-0.22211756,0.095705286,0.49294952,-0.23969062,1.0473762,0.661066,-0.018082207,-0.07667132,1.3996277,0.168635,0.33495033,-0.43115428,-1.0886921,-0.8622552,0.74190086,-0.34002227,-0.049108975,-0.93333435,-1.1401409,-1.4893637,0.4188927,0.623392,1.3134795,0.20633177,0.51169944,0.3558967,-0.7124946,1.5052912,-0.5358358,1.7441729,-1.4810021,-0.06295805,-0.68274003,0.41468087,1.1631536,-1.627919,-0.64999604,-0.4724539,1.5088451,0.21718352,0.041106977,-1.1312472,-0.40248135,-1.3165996,-1.2602779,-0.32295203,-0.6172636,-0.23638181,1.3093725,1.6466542,-1.3997656,0.27985787,1.7012209,-1.1355679,-0.65534264,0.17744759,-0.20799589,-0.24004087,-1.1173596,1.5052536,-1.3653302,1.2974151,-0.07360074,0.18258531,-1.4340761,0.7611227,-0.12073152,-0.48515987,0.06991148,-1.5173485,0.8285433,-1.1484601,1.5787423,0.93363893,1.4449352,1.0502913,-0.6558333,0.5303017,-0.1598919,1.1280684,0.26244867,0.6237044
190,-0.08939265,-0.28994295,0.0,0.0,-0.36294484,1.0342429,-0.15384273,1.0,1.0,-1.5572649,-0.5359394,0.7799248,-1.0856594,1.4978777,1.6441977,-1.5041047,0.22727884,1.2875822,0.08342382,1.736387,-0.4418083,0.97249675,0.4247918,-1.3004736,0.23227014,0.9579371,0.78348976,0.25343367,1.4649209,-1.5168762,-0.86384094,0.27930367,-0.31777298,-0.62499875,0.02065716,0.4667535,0.08628921,-0.29576746,-1.294854,-0.15106891,-0.8742715,1.4503914,-0.7971624,0.9730701,0.06913116,0.8695152,0.9137925,-0.13106436,0.11939373,0.8650578,0.25941607,1.1479306,-0.24418446,-1.6650065,-1.7580783,-0.13292031,-1.424842,1.2673715,0.81838894,1.335459,-0.30173963,-0.005387715,0.4464623,-0.014200251,-1.2896856,-1.1674837,0.57510227,-1.6605273,-1.3119233,-0.24425513,-1.36299,-0.45721462,-0.19131248,-1.0895863,1.2652159,1.7045226,0.026272397,1.3274508,-0.21537095,-0.9951195,0.061916918,-0.24859284,1.5594299,1.6581693,-0.7567659,-0.14290737,-1.2684764,-0.95053124,1.424723,0.63005406,-1.7165707,0.5882302,-0.46319425,-0.38672078,0.32318228,0.48071787,1.3340207,1.7241485,1.1526153,-1.0924313,0.9673814,-0.77598023
191,-1.2058529,-0.7915141,1.0,1.0,-0.93209803,1.5105428,-1.4178492,1.0,0.0,0.1325352,-1.6735862,1.6673506,1.5565916,1.5148971,-1.1251656,-0.28157103,-0.24156842,-0.9158161,-0.19933286,0.7238699,-1.1882724,-0.36169103,-0.28181583,0.9944804,0.06350475,-0.60858405,0.9300174,-0.5066533,1.2766354,0.46456745,1.2880586,0.3192961,1.5980372,-1.5091871,-0.33697835,0.1174022,-1.0211492,-0.48635858,-1.629524,0.13484219,0.10189624,-1.2618822,0.21800266,0.5095729,-0.18401489,-0.5725182,0.16611859,0.57245815,-0.049995005,-0.7953442,-0.74845797,-0.53585225,-1.6013529,-0.3277419,-1.5540521,0.82111174,1.4317285,-0.39414403,-0.55300796,1.2917222,0.91662866,-0.017320003,1.074139,-1.2654065,1.071934,0.46142185,-0.36485875,0.42283893,1.285522,-0.04293825,-0.23782654,1.3131002,1.1520267,-1.7089759,1.0911454,-0.0031467138,-1.562243,-1.4524525,-1.4581861,0.2577937,-0.9056457,-1.5839143,0.87123966,-0.09767752,-1.4343644,-1.302284,1.1151185,-1.6705344,1.2675341,1.1209022,-1.0151833,-1.1102736,0.56798065,-0.30056635,0.5853203,1.6164333,1.119853,-0.38464496,-0.85261494,-0.63165987,-1.5704046,-0.809803
192,0.9986995,0.19530906,1.0,0.0,0.6261869,0.14712271,0.5444422,0.0,1.0,0.88117945,0.03969586,-0.5754143,-0.096888505,1.3397241,0.17953023,0.8602327,-0.38462088,-0.9124386,1.038353,0.5024674,1.6746813,-1.4803324,-1.3933008,0.2975548,0.7143286,-0.47780526,-1.5121893,-0.63109905,-1.2789028,-1.2450244,0.8105233,1.0978625,-1.4594432,0.0022788264,-0.7360445,1.2962592,0.59645134,1.326876,1.0768391,-0.37671617,-0.7428261,1.481067,-1.077225,1.1694702,-0.954007,-0.7835958,-0.7834444,-0.28197524,-1.5185956,-1.350667,-1.7158949,-1.5642638,0.43907878,0.03195473,1.5099192,0.64689416,-0.41508332,0.5985887,-1.5152981,-0.55768883,0.9284188,-1.3890674,0.20845343,0.1683368,1.6818326,-0.16705097,1.1333503,1.486431,1.0370846,0.08612315,-0.81343365,0.72045404,-0.4624937,-0.56709594,1.6520933,-0.3087237,0.17471653,-1.5238959,-0.12546293,-1.5230483,0.24385667,0.034943983,-0.76900417,-0.73319906,0.08657371,0.38437158,0.74550885,-0.36407542,-1.0969764,0.77822286,1.7036332,-0.48759556,0.9459534,0.83187556,-0.8703937,0.98935115,-1.1531763,1.4452679,1.4900031,0.040496536,0.09322394,-0.8114443
193,0.13301449,0.32453564,1.0,1.0,-0.9359106,-0.18142308,0.7153331,1.0,0.0,-1.6257768,0.603532,0.65809774,0.878052,1.241483,0.7184398,1.4294984,-0.114925355,-0.74661815,1.5261059,-0.2856543,-0.44200107,-0.57094014,0.64201206,1.5067348,-0.40717456,0.338568,1.4549972,-1.3829263,-1.2777281,-0.3240658,-0.8839304,-1.1729337,0.95543027,1.0415154,-0.1134828,1.6456805,1.1904583,-0.18183605,-0.850174,1.2750787,0.48339775,0.10621801,-0.22264248,1.5966278,0.245877,-1.0936736,1.2893705,0.8211777,0.0038913572,0.5989654,0.9452378,-0.044145845,-0.7960505,-0.399997,1.3592,1.4520019,1.6020001,-0.46995693,1.3053757,1.4967216,-0.065297745,-1.3567233,0.4677775,-1.597463,-0.51676536,-0.045313567,-0.70654786,1.2903913,1.3800269,-0.78576916,0.9632729,0.91254646,1.7006207,-1.523428,-1.6181134,-0.6128188,1.3694863,-0.46315846,1.110543,-1.3790368,0.39935547,1.5227059,1.0011839,-0.31546447,0.069991335,-1.1957049,-0.7903644,0.8566312,-0.00570782,-0.46849447,-1.2893249,0.8687904,0.3213627,-0.19027111,-0.501951,-0.14046863,-0.369979,-0.56886524,-0.47747284,-0.5738622,0.18906985,1.6687675
194,-0.29158205,-0.5440195,1.0,0.0,1.665391,-1.5611972,-1.1674287,0.0,1.0,0.17371719,-0.77477646,0.1987477,-1.1883774,-1.5421976,1.6742862,1.6005255,0.9913281,-0.0020615815,-0.43636942,-0.48352605,0.15628155,-1.0931896,-0.6779664,0.6429446,-0.8577237,0.40442395,0.7893101,1.1033125,0.13279586,-1.4359796,-0.105284385,0.61856115,0.11851238,-0.3296154,-1.6759707,-1.0125846,0.07972911,0.54740113,0.20542789,-1.5286975,-0.06316726,-0.89443374,1.2496449,1.236348,0.15181947,0.58051634,-1.475378,1.4393425,1.5897661,0.470485,-0.4982805,-0.0917461,-0.43418357,-1.200513,1.3485945,0.1248947,1.5044624,1.2998939,0.65583515,-0.2762737,1.3471459,0.12495356,1.655856,-0.28269187,-1.4646757,-1.381218,-0.23599839,-0.15714692,1.2017542,1.269173,-0.2539215,0.44849104,1.2530583,-1.4567584,-1.0848761,1.4197874,1.5612563,-1.3992149,-0.4985447,-1.7161112,-1.418462,-1.5376549,-1.1415745,0.532355,-0.6529233,-1.569,0.3476652,1.8257473,-1.0023949,0.8563692,-0.7527626,-0.4652945,-1.6565416,0.06610511,-0.7809976,1.0954088,1.3500086,-0.3767362,-0.80911803,-1.4697652,-0.62828416,0.23119351
195,0.12890062,0.6050152,1.0,1.0,-0.8596406,-1.5029212,1.008155,1.0,1.0,-0.10935267,0.3165454,1.5605267,-0.63659674,-0.671005,-0.14545646,1.0906569,-1.6500946,1.2957132,-0.5336116,-0.5182222,0.1171552,-0.13645692,-0.22053549,0.60579544,-1.5751457,0.080172576,1.2245703,1.4907969,-1.539327,-1.2861232,-0.2699516,-0.31740263,-1.1449832,0.50867075,1.5758901,1.4260612,-0.29208568,-1.5207614,-1.4378072,0.9717268,-1.1088275,0.9576718,-1.4887826,1.0784162,-0.74202627,1.4771425,1.6118228,-0.5192114,-1.1019995,-1.7090284,-1.3551898,-0.21342535,1.380778,0.91526604,-1.2447298,0.7477074,0.07235728,-0.06205938,0.6971814,1.5647968,-0.30021802,0.015515502,0.98013353,1.1370733,-1.265912,0.7222151,-0.12119498,-1.2737681,1.665418,-1.4654156,1.3662078,-0.69403464,0.48050436,-1.3828628,0.13292088,0.016225947,0.7732292,0.8612738,-0.80299217,0.9974973,1.0937796,1.3510771,0.40982902,0.37954786,-0.36568245,-1.096325,0.67966354,0.5080652,-0.45007023,-0.6715823,-0.8757953,0.2057397,0.01913582,-0.84383065,1.372285,-0.80108505,-0.65376496,-0.99215555,-0.5214674,1.2210708,1.270288,-1.1068869
196,-0.24761859,-0.30146608,1.0,0.0,-0.99363977,-0.1247142,-0.18491948,0.0,0.0,0.85281086,0.64370763,-0.8757853,-0.96317816,-0.07904825,0.6398123,-1.1774547,-0.1636125,-1.1730884,-0.41410556,1.269556,0.31390277,-1.3792002,-1.4977477,0.81582195,-0.48749465,-1.3151159,0.46292752,1.6860017,1.0617249,0.76867163,1.7541132,-1.1709155,0.014762769,-0.240297,-0.3336305,0.5815074,1.1177531,1.6898175,-0.6430049,-1.1536114,-1.6746157,1.2106894,0.014565409,-1.0816382,0.403547,-0.93536496,0.2509161,0.66388905,-0.40400082,-1.6983426,1.1939394,-0.74376816,-1.3472283,1.1310166,1.1536945,-0.50619495,0.27860686,0.477062,-0.8339092,0.059854932,-0.3251226,-1.2351981,0.1792573,-0.5082634,-1.1625412,-0.4611448,1.3283951,-0.49435294,0.0682648,-1.0077131,0.033779234,0.15507516,-1.6990271,-0.4782243,0.12216001,0.9175104,0.1524459,0.0803857,-0.9557685,-1.401047,0.9919632,1.5066103,1.4708458,0.80119556,0.3917684,-1.3123429,-0.61981267,-1.397596,1.2249103,1.0316976,-0.746018,0.26220983,1.5467801,1.6306496,0.21843717,0.6269668,1.3360139,0.43090394,1.4305544,-1.244052,0.1626574,-1.5923394
197,1.5548037,1.0952208,0.0,0.0,0.8574301,0.256522,1.5414475,0.0,0.0,-1.0999829,-0.28806472,1.2784868,-0.15023752,-0.20102414,-0.47714534,1.0408149,-0.6879127,-0.2853802,-1.1272599,0.19674562,-1.7657927,0.48288396,-1.2074482,1.5355153,1.3305721,1.3344259,0.6569244,-1.2326394,1.7006199,1.4490229,0.59653664,-1.4604181,0.49119252,0.18240835,0.28111896,0.059655987,1.4326006,1.5113958,0.42171893,0.9193028,-1.4560637,0.15357347,-1.2350352,-0.38550207,1.127896,-1.5835131,-0.7134808,1.1640159,-1.4672223,-0.22290611,-1.3972667,0.68296,-0.88089013,1.6712486,0.41669983,1.1829365,0.41156724,-0.04682526,1.1468471,-0.860865,-1.0313143,1.0223777,-1.3923393,-1.1884713,-1.2550769,1.0442518,0.89633,-0.640476,-1.6638433,0.5162289,-0.09812649,-1.4431968,-0.9777322,0.00080133555,-0.72243583,1.3076447,0.31376642,-1.0871077,-0.99105316,1.5756125,-0.90053976,1.2243824,0.16577235,0.3610058,0.15832095,-1.3628168,-1.6412889,-1.2955081,0.17671871,-1.1372933,1.1132448,-0.13366681,0.6455456,-1.0616091,-1.4415113,1.097621,-1.3744091,1.4897189,0.7642819,-0.8505545,-1.1149999,-0.084082745
198,0.10638872,0.47807646,1.0,0.0,1.2940043,0.18234898,-0.92322475,0.0,1.0,-1.0374513,1.0510075,-0.02921155,1.2116829,0.14004622,0.9506694,-0.9965894,-1.4956177,-1.2808666,0.086405806,1.6851414,-1.5125656,-0.1841651,0.49921095,-0.3573808,-0.3936989,-1.581303,-1.3349456,0.53229755,-0.38071626,1.2514468,-1.5820936,0.8322032,0.9199986,-1.1163096,-0.7018422,1.5539064,1.2865764,0.64915067,-0.47991875,-0.07047578,-0.7281757,1.0986776,-0.8167457,-1.287314,-1.2531731,-1.1555617,1.1031672,-0.77537084,-0.33383596,1.218986,1.4052856,1.2972767,-1.3973827,-1.4210144,0.63800573,0.8929097,1.3986208,-1.5442978,0.49443808,-0.56229544,0.659954,0.40648052,1.5217983,0.031220825,0.10624949,0.8658771,-0.5576874,1.1058304,1.649405,1.6830142,0.32157555,-1.076597,1.386994,0.71053106,0.83679414,0.67581266,-0.89844203,-0.3186916,1.0130701,1.3741812,-1.658984,-1.5624832,-0.8885015,-1.3072774,-0.34362942,1.4347429,-0.7546119,1.2445123,-1.3187732,0.37033233,-0.44272044,-0.3604816,-0.6843665,1.5015017,1.1158813,-0.6504986,-1.4873084,-1.1493465,-1.0176624,-1.4629582,1.0178628,1.597275
199,1.1113287,0.7322367,1.0,1.0,-0.2739047,0.9787679,1.3436686,0.0,1.0,-0.60864705,0.46874657,0.25866568,0.097935885,-0.76919675,0.85086614,-1.0124341,-1.4142582,-1.5931827,-0.5274354,0.60391414,0.9386362,0.7485324,0.30940196,0.21910505,-1.3366063,-0.21895294,0.5599235,0.8573047,-0.16828443,0.39857754,0.050822105,-0.7494079,1.0111364,0.35880122,-1.0299302,1.5314972,-0.2473553,1.1533442,-1.3252822,-0.077709965,1.07967,0.95958775,-1.0724114,-1.043832,0.22728048,1.0825747,0.7780333,-0.8420879,-0.3033301,-0.05605369,-1.2024612,0.1433172,1.1352289,-1.1585958,1.1171241,-0.6078125,-0.8515049,-0.56505084,-0.25381404,0.94459695,-0.87775505,-1.3984156,-0.6175559,0.6215919,0.524791,-0.5571022,-0.73684096,-1.6025028,-0.698324,-1.097674,0.48998308,-0.5424353,-1.0065229,0.4100617,1.443805,-0.9125832,0.5453541,-0.20299765,-0.29637858,-1.1060894,0.45034677,1.3797593,-1.1331798,1.1811482,1.2238857,0.22235547,1.7469541,0.82617563,-1.4018846,1.6960542,0.061568584,-1.4784359,-1.4747148,-0.76627284,0.40722185,-1.5769433,-1.7208347,-0.30406097,-1.3712199,-0.53143483,0.5612118,0.80055934
200,-1.6056925,-2.1329741,1.0,1.0,-1.1283114,-1.3574364,-1.1037734,1.0,1.0,-0.90131193,0.060154572,-0.23652446,-0.4407213,-0.7482221,0.0061067133,-1.4962876,-0.6502112,0.7701707,0.6356256,-1.0602831,1.6781151,-1.1975894,-0.13017648,1.3414161,1.1091106,-0.41304305,1.1891031,-0.0868644,1.6197786,1.1364247,1.669346,-1.1199241,0.6575766,-0.68014795,0.2839376,-1.1000093,-1.3875746,-1.2661244,-1.3948925,-1.2115259,-1.4638282,0.59113026,1.2454501,1.4944476,-0.5292125,-0.43719763,0.78911126,-0.49035648,-0.67381746,-0.42558223,-1.2219576,-0.28749117,-0.1453034,-0.9474518,-0.26366907,0.62837124,-1.2372001,0.43810228,1.6046585,1.333672,-1.2677263,-0.04517132,0.059569094,-0.09606085,-0.089916624,-0.6340662,0.25963548,0.70753336,-0.20800953,1.1843333,-0.88861716,1.2034703,1.7887398,0.55959576,-0.09260597,0.7330517,1.0219707,0.3761035,-0.58519334,1.5422022,-0.045768756,1.3681387,-1.4759454,0.75863385,-0.52660286,0.24332513,0.91549057,-1.1129673,-1.1871456,-1.4649482,-0.42905363,-1.2424951,-1.342126,0.91116554,-1.3932163,-0.15252936,-0.96052635,-0.93869376,0.7003374,-0.24631014,1.491421,-1.612572
201,0.5101115,0.05144203,1.0,1.0,-0.17486303,-1.5363901,1.168906,0.0,1.0,0.0071120015,0.18743286,1.0129378,-0.4644611,-1.4250947,1.3746096,0.48287615,1.6424959,-1.2884289,-1.67307,-1.1574513,-0.19221462,1.2388932,-1.3332834,-0.131296,1.2752967,0.91179794,-0.6606456,0.18079573,-0.81348896,-0.036552645,-0.4023055,-1.3966753,-1.153694,-0.4597641,1.6555371,1.3897113,1.3898807,-0.9780698,0.68317777,0.7161424,0.29097608,-0.61663187,-0.504918,0.7502937,-0.6387488,0.033657983,0.89792985,-0.6716928,-0.002329859,1.7236482,-0.21384874,-1.3308806,0.97165,-0.70768625,1.0840074,1.1977886,0.41980574,-1.3468243,1.3363395,-0.70849204,-0.9833592,0.24975757,-0.47385138,-1.209477,-0.9931867,-1.2237891,-1.4616619,1.3348497,-1.4517438,-1.6451683,-0.67700875,-0.066150285,-1.1520412,1.5697166,0.7113906,-1.5634634,1.3293526,0.21068458,-0.29928255,0.31815544,-0.58317095,-1.5760399,1.6594337,1.1182871,-0.38934737,0.24027982,-1.6597112,-0.70130044,1.5928061,0.95706517,0.08773943,0.8954319,-1.462658,-1.0849326,-0.54820836,0.78363043,-0.6535364,0.44123197,-0.9816762,-0.0051839054,0.6155225,1.66145
202,-0.36822072,-0.7753312,1.0,0.0,0.445718,-1.633364,-0.6544743,1.0,0.0,-1.1739461,1.7080711,0.19466211,0.6364875,-0.13967863,1.0786496,1.2624197,-1.519631,0.627323,1.3774674,-1.5179543,-1.0358497,-0.12828384,-1.0596951,-1.32537,1.282458,-1.1112827,-0.191063,-0.13717626,-1.09548,1.0886657,0.9240561,1.7833731,-0.3350833,-0.766044,-1.5069443,1.1592134,1.2634093,-0.8868976,0.026924273,-0.7651214,-0.9089434,-0.2950063,-1.5101696,1.0965883,-1.7054353,1.213145,-0.016028672,-0.69021493,-0.18092422,1.0071871,0.80520016,-0.63789845,-1.1627645,-0.8040457,-0.43692812,-0.5659727,1.6624078,-0.5246407,0.1984214,1.6142123,-0.54207987,1.4675032,-0.17717049,1.5836521,0.048649453,-0.23760886,0.23786838,-0.23092236,1.3203684,-0.0772282,0.858147,-1.4487411,-0.306182,0.34185058,-0.28150856,1.4119352,-1.5234038,-1.4319832,-1.3266212,-1.2273062,0.02251569,-0.2641482,-0.7130129,0.35106447,1.4167281,0.49785107,-1.6631622,-1.3177557,-0.15048674,0.5521899,-1.6775986,0.31924188,-1.2228944,0.8524099,-1.5764908,-1.3720233,1.6698674,-1.1426522,-0.0059631937,-0.6522536,-1.4857095,-0.54489815
203,-0.37103632,-0.73779666,1.0,0.0,1.1406409,-0.3274641,-1.3265327,1.0,1.0,1.7287222,-0.77090764,-0.8555507,0.11516461,1.6722872,0.0010999842,-1.5645916,1.0156648,1.578256,-1.1890045,-1.6636435,-0.62193835,1.1706002,-0.09052484,-0.5477544,-1.2917227,-0.9665494,0.14457302,0.2838636,-1.0725759,-1.1631238,-0.9069896,0.24205336,-1.601504,1.3065258,-1.4215877,0.22974223,-0.3899805,1.2280121,0.8955575,1.0489876,-0.13881966,-0.22183141,-1.6392301,1.4624646,0.21907137,0.644613,1.078244,-1.5023949,-1.6973472,-1.191641,0.8679378,0.3438672,1.5177553,-0.95703626,0.5058467,0.7113288,-1.3318956,-0.7244628,-1.2356813,0.5907154,0.44773528,0.24546507,-0.48276192,1.2238044,0.95164704,-1.5580534,-1.1257669,0.23044096,1.2117203,-1.6705093,0.74317014,-0.98133475,1.6788855,-0.33038014,-0.17650047,-1.69682,0.6190775,0.7206664,-1.0578861,-1.2853129,-0.14343576,-1.633642,1.6212794,-0.63025546,0.47318032,1.1586895,0.12781936,0.041455552,0.958287,-1.0976411,0.04795904,-1.451317,-1.545527,-0.7906235,-1.6508214,0.0036761076,0.66798264,1.1024894,0.11738914,-0.5515036,-0.8187227,0.574816
204,-0.9039344,-1.2320356,0.0,1.0,-0.87724566,-0.57860833,-0.10093771,0.0,0.0,1.1465068,-0.5088266,1.4769015,-0.951135,0.9375433,1.1647607,-0.80524534,0.86231434,-1.1634405,-0.22251156,-0.6484963,-1.7589781,0.70386404,-1.0170447,-1.5128279,0.5680942,-0.9490979,-0.34550324,1.1459495,0.2985467,1.1855404,-0.57143474,0.71519667,0.90333813,-1.485328,-0.49232423,-0.29580733,-0.98814356,-0.15158582,-1.12151,1.1751946,-0.5102589,0.45363015,-1.1702551,-0.83899015,0.01597824,1.1133524,-1.202528,-0.24407868,0.6195034,-0.079029195,-1.5251567,-0.24019621,-0.5201715,0.7051718,1.4978744,-1.4313563,0.7443439,1.4476662,0.22714043,-1.4321876,-0.5303473,1.2753221,1.3364053,-1.7298074,-0.13302556,-1.2315209,0.57323486,0.9452165,0.9310547,0.6081737,-0.8542839,0.028856171,-1.1748627,-0.5768279,-1.6004772,-0.9078335,1.3308421,-0.71556425,-1.3587854,1.5658505,-1.3240594,0.50238144,-1.1528791,-1.235423,1.2244748,-1.183896,-0.8738941,1.0453475,-0.41265622,-0.778852,-0.2172394,1.5120112,-0.9159949,-0.9608988,-0.08534407,1.7291354,-0.7166268,-0.9531674,0.1582754,-1.6423033,-1.1440938,1.3700325
205,-1.3215216,-0.9399182,1.0,1.0,0.15901177,-0.27636746,-1.6415164,0.0,0.0,-1.2309304,-0.72654897,-1.3704461,-1.0705154,-1.5159898,-0.5661248,0.95970476,0.6086587,1.525701,-0.9713258,0.9562413,1.7454096,0.75259984,-0.5152424,-0.4303838,-0.53509307,-1.5372841,-1.6351764,-1.4404821,0.5936579,-1.116516,-0.665896,1.5438435,1.6213523,-1.6922809,-0.66507125,1.1492201,-0.8802826,0.68923146,-0.32479352,-0.747607,1.1939803,0.6594242,1.4664603,-1.3587418,0.21078697,-0.9288502,-1.0144819,-0.9965768,0.080229476,0.031379104,-0.0060123126,-0.24787986,0.19810186,0.53548634,-0.76339644,-1.4534836,-1.0560541,0.3111243,0.088405386,-1.0273523,0.1579847,0.82738173,0.4050225,0.75453454,-0.8103378,-0.9762423,-1.6696466,0.23615256,0.26207197,-0.34953958,1.7239758,0.55029666,-0.57886577,-0.42034397,1.1123724,-0.5711199,0.36564758,-1.3012748,-1.7093501,-0.064589396,0.6073407,-0.7562772,0.34399882,0.047454745,0.12100476,-0.6490493,0.62804675,-0.82394177,1.3268877,0.3835078,0.3048529,-0.4154868,-0.38114166,-1.6090611,-1.4679523,-1.1877567,-1.3864324,-0.914877,0.38385963,1.5870899,-1.3341479,-1.3538527
206,-2.1697087,-1.7482243,1.0,1.0,-1.453504,-1.7037498,-1.5752198,0.0,1.0,0.6090045,0.7786129,-0.19800577,0.7040689,1.0015376,-1.6611984,1.704072,-0.90714115,-0.9910832,-1.6098516,-0.28890732,1.1483018,-1.198814,-0.109381236,-1.5809214,-0.8742668,1.7253901,0.002686738,-1.0913832,-1.3999685,0.9439628,-0.1783778,-0.68964636,-0.6788162,-1.1412123,-1.5534064,0.7069253,-1.4625453,0.9316562,-0.8552023,0.6202645,0.20796368,-0.114028946,-0.56651294,0.60953075,0.016852088,0.8769711,-1.5171938,0.4964977,1.2951143,0.5775142,-0.91833866,-0.887342,-0.7885554,-1.4577173,1.4859031,1.4822742,-1.1088196,0.41879758,1.4311717,-0.96410733,0.05124383,0.7490121,-1.2133226,-0.77132046,0.3834987,1.404347,0.71465105,0.7010462,-1.3249184,-1.0907619,-0.1442999,-0.8278635,0.49886665,0.70951617,0.69047326,-0.22438547,-0.05200938,-0.9652316,0.24027465,0.21174023,-1.1773733,0.6192349,1.1371155,1.3982161,-0.34152815,-1.1105855,-0.19646104,-0.42486957,-0.27664614,1.6721336,0.7136199,0.17236593,-1.0374538,-0.4528475,1.3582342,1.4582908,-0.060666304,-0.381943,-0.82926315,0.33828208,0.922684,-1.616644
207,0.87920344,1.4118384,0.0,0.0,1.1355706,-1.5294,1.0002602,1.0,1.0,-0.260954,-0.9485786,1.5729094,1.16621,-0.9540993,1.8474185,-0.98997515,-0.15731707,-1.5876373,-0.28312683,-0.35735163,0.4395698,0.016933449,-0.43918416,0.843508,-0.21909386,0.86271757,-0.70788467,0.26118186,1.5013838,0.53007674,0.52835435,1.3878405,0.58113533,0.09476244,0.22648379,0.6325846,-0.1683194,-0.7078533,1.4471236,1.5468764,1.3494433,1.390794,-0.78914565,-1.6214672,0.32366046,1.655986,-0.8056667,0.8420443,0.26699996,0.4890025,-1.6407175,-0.28628686,0.8121077,1.5415746,0.52584994,1.0068827,0.6321576,1.0133843,0.1837405,0.44274113,0.9278262,1.0588554,1.454697,1.3776213,1.2869858,-0.07947512,0.82430035,-0.95286137,0.3557893,-1.0842595,-0.68265945,-1.3307625,0.74402595,-1.3097847,0.5218793,1.1893474,1.3934132,-0.23379898,-1.1180649,1.5760736,-0.5534592,-0.071640365,-1.575456,-1.3324322,-0.0048863315,0.3393179,-1.3585023,-1.4986328,-1.0808994,-0.35371053,-0.15827766,-0.7149415,0.8896012,1.3373369,0.7429103,-1.4703038,1.1954285,1.3018756,1.371747,-1.2452453,0.31249526,-0.28510213
208,0.121517435,0.966137,0.0,1.0,-1.7068762,1.3598875,1.1141104,1.0,0.0,-0.4170519,1.1296039,-1.0523405,0.23968033,-0.6832505,1.2323594,0.46792606,0.5517941,0.061588842,-0.24054395,-0.9114997,0.93089795,0.91312706,1.0402917,-1.4046768,-1.6009271,-0.7068759,0.49141228,0.9537339,-1.5377785,0.58784795,0.00834207,0.9593392,1.5601931,-0.8502884,-0.7046668,0.507538,-0.79271644,0.48779884,1.1900192,0.63760895,0.9515036,-0.16374898,1.0159181,0.08773841,0.7603967,-1.4422879,1.2220243,-1.411172,0.7534517,-1.1024767,-1.6199249,-0.62094605,0.8834524,1.6104877,1.2141973,0.61719906,-0.8189452,0.08459642,0.9222005,-0.22237678,0.28271458,0.6616268,-0.90314823,0.5265385,0.9540729,0.14213283,-1.1964407,-1.2282768,-1.1983852,-0.35696575,-0.23048252,1.0728767,-1.035132,-0.029948628,-0.8306098,-0.06432341,0.8500561,-0.2542285,-0.75115806,1.0205488,0.715166,0.83736926,0.5434867,0.10467252,-1.3899932,-1.2081403,0.06504264,-1.7302276,-0.13261749,0.8062272,-1.065464,0.8461012,0.2517208,1.4322639,-0.9599169,-1.1654004,0.5763636,1.3931688,1.4650962,-1.67697,0.16532418,-0.20571601
209,0.41283038,0.6463541,0.0,0.0,-1.5529929,1.6290144,0.9116215,1.0,0.0,0.21311314,0.120795764,0.6612132,1.1653954,-0.56419015,0.446618,-0.52854586,1.0561718,-1.4807613,0.5968338,-0.5067708,0.5814058,-0.27293968,0.34902626,1.5235991,1.1207616,1.2732897,1.2771705,-1.1890877,-0.3998003,-1.2175193,0.15817739,-0.44206777,1.1318803,-0.5147838,-1.6214075,-1.0999849,-0.5527255,1.289485,-0.902783,-0.5817126,0.9623062,-1.7268662,-1.6299284,1.6570196,0.9308515,-0.88466144,1.5409958,-1.1192591,1.3792027,0.7646623,-0.49623868,-1.4967664,0.0051017385,1.0987669,-0.5298819,-1.0680306,0.5220101,-1.4483145,-1.6081362,0.05815655,0.16879319,0.43129054,0.4951002,1.0327741,-1.5625104,-1.4131246,0.27232826,0.50308913,0.096396595,1.3142872,-0.9322075,-0.963612,0.1876038,1.253449,-1.1584139,-0.878369,-1.2878878,-0.27120325,0.9647536,1.0638005,-0.48676655,0.107195176,-0.0030961733,0.70122313,0.9140824,-0.19377862,0.6778164,0.047935374,-1.5501696,0.1676244,0.7894751,0.278451,0.8119103,-0.44510823,-0.97650415,-0.07805048,1.0595709,0.8246583,-0.25508562,-0.45684728,-0.61119574,-1.2856597
210,-0.9546259,-1.0171818,0.0,1.0,0.17532387,1.2782624,-1.1471944,0.0,1.0,-0.504662,0.02905254,-0.77864444,-0.45239213,-1.0560803,-0.03397671,-0.7534299,1.1712354,-1.4943063,1.092284,-0.31986693,0.72221684,-1.6040673,-1.1867076,1.4999757,-1.1959506,-1.356619,1.2170653,0.9802456,0.12013762,1.2947881,0.1037863,1.0181577,-0.13922921,-0.26870358,-0.8841079,0.31885272,1.2803979,-0.24517153,1.5700688,-0.14230475,-0.711487,0.19957703,0.12803288,-0.12918502,-0.7112468,1.0103165,1.3509324,-1.5205663,0.901561,1.5331458,0.0473994,0.8191699,1.310336,-0.8342834,0.68478864,1.286042,0.79778856,-0.6051931,-1.5425906,1.2988995,-1.3694708,-0.036386598,0.981653,-0.39479756,-1.5858059,-0.7212599,-0.11729672,1.2839097,-0.026976252,-0.9694881,1.7135003,1.556631,1.2729161,-1.6341933,0.17300785,1.403286,1.3820248,0.75178164,-0.9957766,0.65531343,-0.51724523,-0.19437037,-1.2162371,1.3713534,1.3871903,-0.9824462,0.25445595,0.29738456,-0.51879174,1.0824152,0.6381263,-0.26162034,0.8417793,1.105458,-1.1317366,0.53301054,1.5636098,-0.042708807,-0.66079444,-0.89034367,0.7123053,0.38576475
211,-0.25200483,-0.82669544,0.0,1.0,1.3328531,-0.19713797,-0.44166812,0.0,1.0,-1.5986665,-1.3327867,1.2411152,1.3775246,1.2720433,-0.7768534,-1.4471523,-1.1697322,-0.78110445,1.2507321,1.7703712,1.3696307,0.6609799,-0.21291292,0.53406954,-1.4311757,-0.13442576,0.46476632,-1.2945735,0.97431576,0.27922267,0.04336497,1.3440093,-0.42503825,-0.46411997,0.8201473,1.1770523,0.97374743,-0.3523194,-1.7603478,1.3677189,0.14284025,-0.5483105,-1.5232259,0.37143213,-1.1785479,-0.9282785,1.3385983,0.13990667,0.002705636,-0.48032245,-0.49219996,-0.03821314,-0.5161854,1.2557051,1.5431994,-0.14618725,0.3037012,-1.6974633,0.49850526,0.24021423,-1.5688934,0.5699459,1.6841819,1.2473854,-0.13565066,0.7504782,-1.1223253,0.40496597,1.0654122,-1.528483,1.2510376,0.7284716,0.78438896,-0.2828097,0.21145631,-1.1821958,1.432984,-1.1633232,0.2933511,1.0253867,0.15265356,-1.2199725,1.3652467,1.4612186,-0.013804542,1.4621395,1.7693659,0.898899,1.4893911,0.2907634,1.5735537,-0.25863248,-0.13755585,-0.64377177,1.0825897,0.049615048,-1.4880269,0.10753072,-0.17460325,1.6237828,-1.2126508,-1.1389849
212,-0.8613097,-1.0724629,0.0,0.0,0.31352353,-0.74356484,-1.0129215,1.0,1.0,-1.3055793,-0.78735286,1.2853774,1.2518823,-0.69661206,-1.438878,-1.2993913,0.8066456,0.5637944,-0.33491194,0.38769627,-0.87407726,-1.1254648,-0.34348837,-0.43357775,0.1858487,-1.6431737,-0.86877567,1.4659367,-0.9137823,-0.16284968,-0.89426297,0.08645199,1.5833184,1.0339987,-1.3110566,1.6007304,-1.3612295,1.3352454,-0.35544902,-0.09951672,0.23946925,0.93779474,1.4595295,-1.3933604,-0.34178597,0.53930587,-0.112549566,1.0180831,-1.0521443,-1.2410563,-0.6647348,-0.9037343,-1.1059024,-0.63536865,0.5195438,-1.6597978,0.7923146,0.8773785,1.1546887,0.79403776,1.2648325,0.6577591,0.2515079,1.4836104,-0.9460695,1.6612115,-1.0906022,-1.258414,0.91839427,-0.5682967,-0.4740864,1.491539,1.7528583,-0.82982093,-0.8867776,-1.108692,1.6001825,1.5212159,-0.34754753,0.3466507,-0.8512654,-0.6926093,-0.0071826,-0.27391186,1.7929261,-0.6690926,0.59237695,1.3792547,0.14970055,-0.8597743,0.9942544,-1.7096524,1.3558903,-0.33313617,-0.30777127,0.44779202,-1.5249814,-0.91189784,-0.3501342,1.0532838,1.0923041,-1.3399547
213,-0.7907147,-0.7934139,0.0,1.0,0.38546917,-0.3063185,-0.6390187,1.0,1.0,1.0460788,1.1656437,0.7624611,0.95946425,0.037987195,0.37285426,1.5854595,1.0283358,1.3002846,1.480812,0.54983073,0.0097723985,1.4358999,0.6204416,-1.2003366,0.19516267,-0.8743508,-1.4166808,1.3493398,-0.6822824,-0.78065467,-0.87354404,1.5712092,1.4038613,-0.4757032,0.7954031,-0.99948144,-0.0922339,-0.8033563,1.1452496,0.32638618,0.7026604,1.2131245,-1.1284006,-0.0021884828,0.2479956,1.1889105,-0.10350405,0.6819627,-1.5629442,-0.4510623,1.66796,0.59338087,-0.3990749,1.3220242,-0.43540442,0.771026,-0.46928766,1.2019776,-0.118502215,0.6194356,0.0027782912,1.7474128,0.3309387,-0.47251832,-0.66957796,1.2359385,1.2635616,-0.79738426,0.31904027,0.7532858,-0.16481866,-1.3605669,-1.4484347,-1.3178831,-1.1365963,-1.6210201,0.6912801,0.8041094,1.2811446,1.1400871,-1.1180987,0.99596965,1.6870326,-1.3327494,1.7263187,-0.19215101,-0.31793296,1.5508524,1.3785719,-0.6219782,-0.33721107,-0.9954128,0.016674953,-0.013383348,-0.9013454,1.3440983,1.1272846,-0.58181834,1.4627495,-0.2511909,0.27446964,-1.47328
214,-0.7374555,-0.15532649,1.0,1.0,-1.1391081,0.053047102,-0.35224393,0.0,0.0,1.5370929,-0.19768862,-1.009135,0.70993644,1.4857696,-0.053316895,0.17899863,0.20346762,-1.4452045,-1.438113,0.29160294,-0.26405343,0.77043563,1.0886365,0.9932377,0.35166702,0.7351434,-0.5017144,0.16748092,0.74275684,-0.42270398,-0.25655425,-0.004319279,-1.5781395,0.3950419,1.1292298,-0.6941371,1.3567045,-0.80507344,1.0699139,0.7082275,1.5605474,-1.5966967,-0.013315164,0.6795713,-0.6926061,1.2448622,-0.4294485,1.4040782,0.93045634,0.030424634,0.31844085,-1.6206895,-0.5147672,-0.6542323,0.9235592,0.6681091,0.4472123,0.68763006,0.36625153,0.19334327,0.75666595,-1.3444395,-0.6490967,0.014764487,0.5846522,-0.9490013,0.7713395,1.5082687,-0.19665202,1.3928344,-1.1804225,1.1119854,-1.3429991,-1.6254733,0.8721338,0.92029023,0.72368854,0.6622679,-0.48972464,1.5485263,0.5526763,1.0990429,-0.036625855,-0.23630247,1.1090766,-0.66979253,-0.5156804,-0.95741284,1.4457008,0.037216563,-0.10970436,1.5592538,0.5302234,0.03154394,0.08431097,0.35724863,0.8851228,-1.155454,0.6587099,-0.575635,-0.74965036,0.8839075
215,0.16551843,-0.12441631,0.0,0.0,0.3448922,-0.22685887,0.14640652,1.0,0.0,0.59541464,-1.7463301,-0.19545384,0.049275108,-0.4543686,-1.6641567,0.19097094,1.5224968,-1.0376621,-0.5476448,0.023833731,1.6507927,0.33492133,0.4685017,-0.258389,-1.5448248,0.80398864,-0.76443034,-1.199867,0.5487005,1.2440535,-0.1458276,-1.1477429,-0.7887746,-0.6161178,1.4229263,-0.40214032,-0.40423495,0.42880747,0.637465,1.2891632,-0.67960995,0.81434804,0.66901535,0.7546572,-0.68378437,-1.5294679,0.17867067,-0.123916365,-1.4279605,-0.26303127,-0.995399,1.0522124,1.1753937,1.0171149,0.9857801,1.7070554,-1.434573,1.0444419,-1.3102211,-1.5053785,0.7839268,-0.7405637,-1.1219782,1.4819447,-0.2610593,-0.9169119,1.4707946,-0.7564072,-1.5868818,-0.35311478,-0.49664712,0.98016554,1.4870688,-0.6159661,1.3389724,0.3136779,1.4004918,-0.6857821,0.9020615,-0.56133515,1.4870312,1.6115823,-1.0015435,0.77669454,-1.4783759,0.7895352,0.2588719,-1.3177685,0.21703687,-1.1993105,-0.20786837,-0.99278265,0.42181975,0.69425356,-1.0793264,-0.6840978,-0.9525397,-1.0364027,0.70927733,-0.9271912,0.18748242,1.3578048
216,-0.38675982,0.32638705,0.0,1.0,-0.95537317,-1.239995,0.762258,0.0,1.0,0.033660416,-0.15732086,-0.21687464,-0.6165733,-0.768782,-1.7063428,-0.9741816,-0.6902603,0.40501305,1.264204,1.2269992,0.8720769,-0.34211034,1.4679836,-1.5897312,0.658994,0.8963984,0.24133505,1.3846056,-1.6609279,-0.67582875,0.07364223,0.10561832,1.5624661,0.32075608,1.1094335,1.3784082,0.91154766,0.3653956,-0.055635102,0.34440386,0.8034016,0.7873306,0.10088315,-0.55193865,1.3199937,-1.1223518,0.5896705,-1.652315,-0.7119867,-0.08290137,-1.1462324,-0.868398,0.9006133,-1.5487535,1.5398568,1.6774489,1.3173773,0.60575,-0.42271405,-0.4780191,-1.3427888,0.80748206,-0.02611466,-1.4494265,0.41732782,0.67369616,-0.54612416,-1.1434423,1.1018935,-0.42920518,-0.7264725,-1.6977898,-0.82172596,-0.8296643,-0.3387841,-0.99314743,0.3414101,-1.4177094,1.0120004,-0.53056145,1.008433,0.23103212,1.3553584,0.67532396,1.7178149,0.8519312,-1.0331905,-1.1490989,0.26337865,0.6630642,0.10840607,-0.7013057,0.6813147,0.16097893,0.8065692,1.6176262,1.0227482,-0.4527572,1.0255036,-0.2256816,1.3788576,0.57733244
217,-0.9300777,-0.23388574,0.0,0.0,0.5782926,-0.44363657,-1.3049409,0.0,0.0,0.2858262,-1.3229748,0.5727689,-1.2208091,-0.43112448,-0.74621546,1.0834968,-0.40050825,1.2628834,0.92011285,0.29957587,-0.051696625,0.17712681,1.5537212,-1.1598883,0.475817,0.6292753,1.5723634,-1.4332914,1.022596,-0.5378312,-0.43907014,0.27747574,-0.12914722,-0.991495,-1.2312409,-1.1774849,-0.7599326,1.0703238,0.48866495,-0.5353126,0.06756895,-0.7808863,-0.43051615,0.8124307,-0.7604459,1.002406,0.96426725,0.5297063,-1.6192471,-0.35881,0.27145138,1.1785371,1.6398085,-0.77518475,-0.5669341,-0.24299434,0.1478556,-1.7289305,-1.6156621,1.0248597,-1.0097209,-0.39847225,1.7414868,1.5680096,0.9237978,0.8743542,1.6161526,-0.99801004,0.016624657,-0.7188115,0.94952726,-1.1697574,-1.6533297,-0.71327007,-1.5986594,1.2956988,-0.2460496,0.74966955,1.0610439,-0.48841482,1.3940616,-0.04497551,-1.2513584,-1.163178,-1.395318,-1.5443777,-0.75257844,0.33206606,0.54725754,0.024287399,1.4846716,0.53269583,-0.6679979,1.3935171,-0.106035404,0.3884273,0.50408715,0.8252909,-0.5238998,1.4768214,-0.5489303,1.1908864
218,-0.8194665,-0.9343012,0.0,0.0,-0.6037827,-0.69232833,-0.5273982,0.0,1.0,1.0222405,-0.11931037,0.09703704,-1.2356452,-1.479189,-0.23287396,-1.1921743,-1.5610743,-0.729938,-1.3797872,-1.037603,-0.7416341,-1.6702797,-1.3653169,1.5837615,-1.2745959,-0.07026218,1.678716,0.9189588,0.092042714,0.66329336,-0.06019392,1.1003374,-1.2661077,0.4329408,-1.6358321,-0.23242167,0.14879139,1.1534871,0.3144202,-1.6099315,1.655669,-1.4781492,-0.93401146,0.91561604,-1.4212503,-0.05625611,0.4738547,-0.6691271,1.3317077,0.94272566,1.4440002,0.8866866,1.5155933,-0.6553311,0.17560026,-0.31337687,1.3528624,-0.51782703,-1.3821682,-0.74819505,0.2425129,0.8102139,-0.6776114,0.3365368,-0.5946843,-1.1569053,1.1578059,-0.6897765,-1.3487428,0.46365306,0.7758083,0.017472902,-0.43500414,-1.5930276,-0.55319995,1.5355599,-1.3541545,-0.28032297,-0.007128288,-1.6615984,-1.7069641,0.842186,-0.7337384,1.1404784,0.15365544,-1.42541,0.24697517,-0.06076633,-0.69359154,-1.656164,1.1879983,0.21525389,-0.01852196,-0.4863791,1.7680551,-0.56974125,-0.6072659,-0.21240246,1.5102279,-1.0136379,0.05657401,-1.0618745
219,-0.03646483,-0.19631298,0.0,0.0,1.7201205,-1.4423027,-0.46983436,1.0,1.0,0.37816542,-0.7655543,-1.1917056,-0.20293279,1.1943998,-0.52525115,-0.61902195,-0.91090524,0.5528329,0.20040704,1.7603455,1.0912222,1.4490967,0.90638757,-0.8632322,-1.4405966,-0.13893695,1.5145695,-1.4258391,-0.827001,-0.038339887,0.1836029,0.88165003,0.18004613,-0.93712854,1.0284832,0.4039366,-1.6771799,0.8737844,1.0801958,1.1458628,0.86749154,0.50733024,0.22174488,-0.58397263,-0.8870943,0.41918573,-0.05158274,-1.3631765,1.5625995,-0.045990568,1.3137052,1.7086447,0.7995328,1.2223222,0.3077022,-1.3456384,0.8878792,-0.32542622,0.73341084,-0.0014422311,0.8183573,-1.3456376,-1.5126204,-0.06624069,0.47637266,1.5251548,-1.5154463,0.3028713,-1.1823002,-1.1081004,-0.5485507,-1.4710343,0.13105793,-0.95295084,-0.80094564,1.7078712,0.46514776,-1.4962497,1.4806242,0.95939106,-1.6207364,-1.0320586,0.989602,0.16748841,-0.24828552,1.7638067,-0.84278524,-1.2053868,0.16770382,-0.704604,1.2555791,1.0895817,-0.36814183,0.8440884,1.6446793,0.8379248,0.64012295,1.4701909,0.94174343,0.85520726,-0.9002001,-1.3841188
220,-0.18487085,-0.1805131,1.0,0.0,-0.37850142,1.5628113,-0.8316494,1.0,0.0,-0.63669604,-0.49008384,-0.7134705,-0.04677668,-0.59310997,1.848927,0.59069145,-1.4856074,-1.6627604,0.21413463,0.6342572,1.0647802,-0.40874395,-0.73997384,0.0947993,-0.9645486,1.1012458,-0.20141357,0.43687204,0.17941922,1.3546705,0.52723235,1.5625509,-0.119259916,1.5196217,0.3909498,0.6257719,-0.9028227,-1.0164883,-0.61175245,-0.6729324,0.9129174,-1.7625875,0.96335006,0.9899318,1.1483904,-0.742347,-0.18493143,-1.0943931,-1.4501028,-0.48711747,1.3110512,-0.74752724,0.29867053,-0.18105336,-1.1757059,-0.25125772,-0.5598103,0.50595695,0.37916914,0.34218386,-0.45115924,1.3755889,-0.8751713,-0.061927654,-0.58884436,1.1161503,-0.6856363,-0.6947158,0.26756927,-1.0560946,0.15963137,-0.26957464,-1.1754023,1.2833608,-0.33865908,0.14717431,-0.9309115,0.70693713,1.4013423,0.033354186,-0.38571706,-0.8720211,-1.4740244,-0.6185185,0.41790748,0.4011083,0.8909886,0.038266685,1.1564147,-0.13042738,-0.6509439,-1.093851,-0.62845606,-0.5238176,1.1716434,-1.4938653,1.4375496,-0.18340707,0.25043035,1.2094628,1.2541089,0.6692492
221,-0.94430166,-1.2958093,0.0,0.0,0.85497856,-1.4654578,-1.1982529,1.0,0.0,0.6588696,0.29658583,1.3081373,0.44372466,-1.2168077,1.2013735,0.8303787,0.17341816,1.3557239,-0.36970943,0.46701914,0.5348531,0.02466701,-0.28991428,1.0457194,-0.7282753,1.2569921,1.1439352,1.4488488,-0.433115,-0.65505564,0.8409258,-1.0764004,0.94840723,1.5956893,-1.280474,1.4877367,0.46342108,-0.12589078,-0.8613269,-1.5393796,1.3327339,0.5477725,-1.3438635,1.3568531,-0.8801554,-0.535073,-0.6356094,0.03605536,-0.3316943,-1.7190017,-1.0749625,-0.46263096,-1.4004416,1.1754751,-0.23454073,0.7938919,-1.0299248,-0.8380163,-0.5971346,1.4105296,-1.6586415,-0.19562922,-0.83216137,-1.4411076,-1.52253,-1.2494433,0.5158478,-1.0859678,0.40800223,-1.6392399,1.5487479,0.5529689,-0.087176695,0.20967282,0.5462936,-1.1547427,-0.11166391,1.3391231,-1.6293864,0.6093546,0.16572882,-0.19392197,0.32446387,1.0658087,-0.8350626,1.6115361,-0.97708905,1.2040294,0.8361745,0.5662816,-0.7606828,-1.0797417,-0.94380087,-1.4862052,0.26386446,-0.41310328,-0.87762046,0.33897683,0.59211797,-1.144962,-0.96980846,0.47263336
222,0.91508555,0.42391035,0.0,0.0,-1.228095,1.3260744,1.4693087,1.0,0.0,0.8432483,-1.47452,0.26687557,0.48526487,-0.37555483,-1.5985105,0.7907274,-0.2759181,-0.5501228,1.1949145,0.53129363,-1.6850306,-0.8192988,1.0036938,0.5127872,1.6497697,-1.0884167,0.8134304,0.06927821,-0.19197085,-0.46094814,0.42022082,-1.3669069,-0.40251878,-1.2568741,-0.03267773,0.13370104,0.031394437,0.019624876,-1.135268,0.4276091,-0.44850415,1.2979429,-1.0909853,-1.0782415,0.65829146,1.381696,-1.3585385,-1.1768633,1.4740216,-1.143882,1.2141308,0.42978248,1.5804156,-0.91175824,-0.43847048,-1.1937331,0.12387376,-0.98174167,-0.09649191,1.5033275,1.2761613,-0.8717724,1.651171,-0.83531004,1.0625455,-0.74351007,1.687418,-1.3703415,1.6631281,0.87203395,0.98094594,1.1364976,-0.8809517,0.74482363,-0.002401845,1.3533552,0.21497001,-0.3528915,0.704367,1.1452644,-1.2311666,-0.32700032,-1.6600461,-0.9969129,-0.7285051,-0.7221496,-0.6282173,1.6897324,-0.8741592,1.6819143,1.7007875,-1.0092931,0.66330487,0.81543195,1.0146493,1.6947789,-0.31815743,-0.8870798,-1.7001005,-1.0848643,-0.6454313,-1.117257
223,-0.50951785,-0.76038694,1.0,1.0,-1.1875246,0.8564324,-0.24263191,0.0,0.0,1.0900894,0.81526846,-1.1975155,0.6461241,0.5528026,-0.008797872,1.6489294,-0.47385675,0.12089113,-1.3860029,0.9402566,1.7013719,-1.2324125,-1.6905665,-1.7098043,-0.9288679,-0.36014608,0.87136286,-0.7168181,-0.36990637,0.097272515,0.53472894,0.7788352,0.65244645,-0.6028277,-0.4400392,0.25572705,-0.5920116,-0.69529593,0.5009724,-1.4109074,-1.561624,1.2851132,-0.68407077,0.26910412,-1.3477552,0.6706044,-0.88451517,1.2090911,-0.28006312,0.34202495,1.4659451,1.2887108,0.12027579,-0.89655,-0.51122767,-0.2428038,1.0537957,0.43503895,-1.5995218,0.7945608,1.6313238,-1.506574,1.1556503,1.5529236,-1.5112222,0.8205091,0.26396215,0.10597035,-0.27672815,-1.2793813,1.4186244,-1.4770736,-0.28344122,0.94497794,1.6153749,1.251308,1.0785923,-1.2369721,-1.0073613,-1.7568483,-1.4109231,-0.726605,0.39878047,1.1024661,-0.7133071,-0.020680184,-1.5979325,1.6012346,0.6348805,-0.6110795,-1.732839,1.3480988,1.1655345,0.513437,-0.2610007,1.6872042,-0.047913343,-1.2259936,0.06520224,1.4769454,1.5329006,-0.82383525
224,1.4180725,1.6322654,1.0,0.0,0.8229851,-0.3199743,1.1005583,0.0,0.0,0.6166397,0.3398872,-0.3700619,-0.15697338,0.18083099,-0.3635429,1.4498143,-0.46891534,-1.7500001,-1.7986448,-1.4792424,0.33334726,1.3304652,1.5727459,-0.6680416,0.34709087,0.35739905,1.1452296,1.4028052,1.1194278,-0.71913,0.91816044,-0.90042967,-1.586923,-1.3591865,-1.5357373,-0.14566563,-0.76755685,1.0081631,-0.4793237,-0.9314887,-1.2060865,-1.2434378,-0.319657,0.71074504,-1.6320577,0.5388847,1.3515764,-1.6272365,-0.52241105,-1.6354402,0.44874787,0.70458937,-1.4210267,-0.30789363,-1.1672024,1.45491,-0.030220788,1.6635147,0.03963834,0.07412668,-0.5386918,-1.0406057,-0.6894147,-0.5290856,0.12538087,1.2070974,0.8669961,0.40460572,0.83011806,0.041704644,1.073245,1.5201757,0.46203804,-0.83661115,1.2733696,-1.6166174,0.14469977,0.6816891,-0.15750423,1.5054972,1.2978284,0.9062011,-0.02936701,0.8558773,1.4191633,-1.4383024,-0.43765956,1.1224583,-0.9378766,1.223521,-0.75280386,0.12484034,-0.47283316,0.40627155,1.670073,0.8927492,-0.5301519,0.61266536,0.1990876,-1.2759277,-0.5524252,-0.88821083
225,0.6161977,-0.40017185,0.0,1.0,0.9546017,-1.6605204,1.2168967,1.0,0.0,0.9563601,1.113273,1.4545108,0.83929336,-0.45223376,-1.2345498,-0.72150826,1.421156,0.9034203,0.97322804,1.2677156,-1.2196392,-1.2207593,-0.45509893,1.1201323,-1.3831092,0.31222448,1.5326426,0.7927651,-0.75865376,1.1268942,-0.6946952,0.11481461,-0.7577132,-1.3144103,0.87433684,-1.6682152,1.2436442,0.71361023,1.6032441,0.34180704,1.5963768,0.9516411,-1.3203721,-1.3346142,0.72721505,-0.02290784,-1.4461412,0.24367455,1.3231868,0.07829616,-1.3804169,-0.49350834,0.5714842,-0.59763765,-0.8279299,1.6030028,-1.5433333,0.9675378,-0.09246768,0.34932557,-0.6220804,0.314866,0.18472385,1.5495131,-0.31123802,-0.38617748,-0.31713858,-0.8213279,-0.008258999,0.091239974,1.7096506,-1.3818076,1.642156,-0.650488,1.387267,0.92544353,-1.5066675,1.2111251,-0.94228554,0.54333174,-1.1798469,0.63608116,1.5229102,0.72925586,-1.282232,-1.4060608,1.0426171,0.21150722,0.93518937,0.38533345,1.1819272,-1.279441,0.9633817,0.61725855,0.06444583,-1.6220554,-0.43923086,0.052167207,-0.3790308,1.4365813,-1.4106638,-1.359993
226,1.4255747,1.7340689,1.0,1.0,0.9499615,-0.40143406,1.4990488,0.0,0.0,-0.16258423,0.8327879,-1.520164,-0.8911415,-1.5127482,1.0787948,-0.3767179,-0.09009049,1.1153789,1.5647184,0.38989982,1.6122456,-0.4019349,-1.419414,-0.41301838,0.6504772,-0.7252937,-0.8101185,-0.84307927,0.39102802,0.85979277,-0.7483533,-1.3487022,0.4833595,-1.3484693,1.4961566,-0.6598318,0.33217397,-0.68726504,1.1294371,-0.15663937,0.4385066,1.4451066,-0.20331566,-0.8367286,0.63236845,-1.031815,-0.71238893,0.21868177,-0.86965305,1.2532398,-1.5491307,0.72402984,0.025299123,0.62496006,0.7079063,1.152993,-0.9056953,-1.4083033,-0.3006053,0.810821,0.19395411,1.0545218,-1.6103896,-0.161716,0.663351,-0.7577304,1.0120032,-1.1690918,-0.28774846,1.4625672,-1.2398287,-1.0352739,0.28255913,-0.67174697,1.6964322,-0.73082536,-0.91988254,-0.0663345,-0.053696062,0.36736932,-0.66380847,-0.35710895,-1.253933,0.95458466,1.1983745,-0.44210404,-0.6187583,-0.3973411,-1.6500428,-1.4098829,-0.9068098,-1.2061306,-1.194533,1.27814,-1.2642725,-1.0507206,-1.161564,-1.0621486,1.2644914,0.9046818,1.5845438,0.84760225
227,-0.4837718,0.23911276,1.0,1.0,0.24174547,-0.15960954,-0.64611906,0.0,1.0,1.223335,1.7135916,-0.7159574,-1.1201415,1.3089002,-0.41895184,0.8417162,-0.66707945,1.5831903,-0.97863615,-0.0035599545,-0.15625292,0.37748563,0.18258454,-0.6751319,-0.9716779,-0.07361924,1.1464072,-0.959716,-0.88410246,1.3133118,-1.218905,-1.1117337,-0.25763267,-0.42606398,-0.90104663,1.5329366,-0.4566707,-0.2800061,0.80303967,0.98045707,-0.7897036,1.4406493,-0.78153014,0.71248883,-1.6017427,1.2369837,-1.4792942,-0.4810898,0.32990962,-0.14694391,0.115140826,1.0860769,1.5089182,-0.122925475,-1.6760195,-0.72728455,0.8449772,-1.1521901,-1.4377608,0.07724585,0.92735535,-1.1096032,-1.6714278,0.7602223,-1.687025,-0.17446196,-0.30341002,0.6523209,-0.39120236,-1.5175542,0.9837912,0.4510754,-1.6019429,0.041075185,0.92448974,1.1361219,-0.7566446,-1.073538,0.14584322,0.30756456,-1.4915379,0.58391464,0.9129905,1.3429718,-0.5396413,1.4964521,-1.0924999,1.1690807,-1.6250813,1.4381104,0.5601322,-0.38881811,0.61467254,0.096642196,1.6470882,-1.2266396,1.3628559,-0.11839786,-0.5229383,1.6862516,1.629819,0.87940097
228,0.71458906,1.2620244,0.0,0.0,-0.5982779,-0.7937531,1.4461383,1.0,1.0,0.15717258,-0.3126057,-0.561232,0.99591625,0.7793743,-1.5112351,-0.76788574,1.2114261,0.5173383,0.17436689,-1.5937512,-0.096902534,-1.5842351,-0.29066804,1.2484206,-0.6506097,1.3093075,0.131416,-0.47579095,0.24533246,0.6233473,-0.24318914,0.4982293,-1.5636971,-0.13412492,-1.4625432,0.38393322,-1.6894956,1.311976,-0.4246968,1.0117475,-0.3130679,1.5498567,-0.5204474,-0.47721866,-0.24348596,0.89009434,-0.51401216,-1.5307584,-0.85435843,-0.042181395,0.91716826,-0.7989252,0.7327168,-1.3713515,-1.6801269,1.3803405,-1.5526175,1.47301,-1.6223918,-0.40119562,0.21586882,1.1505271,1.0053604,0.8702276,-0.1688084,1.104895,1.5286427,0.89182854,-1.6551044,1.5515456,-0.035117906,-1.5800693,0.2916466,-0.7017354,-0.28017798,-1.3946717,-1.3742889,-1.3978561,-1.2672343,1.4180182,-0.18554173,-0.661204,1.2876334,-1.0161089,-0.26625523,1.7371095,1.0726058,1.7926117,0.16321555,0.3434314,-1.1198603,-1.5308219,0.36587477,-1.593734,0.9857775,-1.5322369,0.48305383,-1.2402401,-0.9578951,1.2754949,0.3428123,1.7107637
229,0.1998094,0.93363684,1.0,1.0,-1.7314702,-1.4746941,1.5143913,0.0,0.0,0.32500073,1.1555738,0.44717875,-1.4799569,0.52292144,-0.9265745,-0.94617,-0.21013926,0.26082477,0.26020858,-1.60799,1.0969247,-0.58225507,0.8524046,-0.9392103,0.09966185,1.493557,0.8600951,0.78322506,-1.2002504,-0.85133976,-0.70902646,-0.45058173,-1.5546777,1.2369884,1.3246248,0.401778,1.1334908,1.0199116,0.6411246,-0.63665473,1.1969501,1.349946,-0.48660204,1.4503317,-0.123658665,-1.4945667,0.82819545,0.4510382,-0.4808843,-1.1915085,0.35305238,-0.5822468,1.1535053,1.4093856,-1.6042548,0.14210464,-0.60808045,0.73891807,1.411577,1.342814,-0.45137393,1.6445447,-1.1186043,1.1998754,0.75206316,-0.0074806064,-1.1043057,0.16083778,0.3305319,-0.18761581,0.5483229,-1.0494412,-0.86543834,-0.56841975,-1.2125965,1.1958249,1.5101978,0.37231725,0.7910061,-0.569534,-0.76118225,1.1843957,1.1886929,1.3023355,-0.4290971,-0.6863252,0.2940022,0.5927314,1.6302077,-1.6189684,1.4715922,0.109304905,1.2780732,-1.5223892,-0.19234487,-0.27555642,-0.07569873,-1.3293587,0.024607051,1.4917624,1.5202681,-1.1267835
230,-0.3259634,-0.9871818,1.0,0.0,1.5569344,-0.33035448,-1.470584,0.0,0.0,0.9253737,-0.25631377,-1.3640816,0.20568968,-1.3384825,-0.9635822,1.1127378,1.1637075,-0.08250997,-0.1564446,0.33870405,-0.5065408,-0.7117288,-0.936897,-1.171354,1.5971843,-0.8608269,-0.66568226,1.4521819,0.24981649,1.5718863,-1.1702362,1.1395345,1.1294425,0.56197953,1.5961062,-0.8543833,0.06222813,0.22683235,1.5228823,0.15857464,-0.688863,0.62415713,-0.7964782,-0.08297104,-1.3152274,1.1891431,1.0061045,-1.0447361,0.30646336,-0.36477092,0.6421821,0.9585075,1.6212093,-1.58594,-0.91447747,1.5291941,1.4649019,0.28632715,-0.503272,-1.1588253,-0.18041553,0.8196063,0.73160565,-0.71712935,0.82302094,-0.9657636,-0.34779665,-0.16189586,1.2364949,-1.5795486,-1.0693038,0.823645,0.7234796,1.4756879,-0.923682,0.77415174,0.6961097,-1.4383559,1.5370482,-1.6130153,-0.52940935,0.8197915,1.1134827,-1.7758156,0.18682383,0.16199,-0.16913925,-1.2554988,0.80236155,0.12428703,-1.4401991,0.5379411,1.6552477,-0.09362605,1.6449472,-1.4495685,-0.22068124,1.5268137,-1.5808264,-0.8347238,-0.3197456,1.4346486
231,-0.45469633,-0.93389755,0.0,0.0,-0.66471094,1.4534204,-0.578104,0.0,1.0,1.3628095,0.8002141,-0.81310606,-0.9430404,0.47985464,-0.9124125,-1.1128722,1.6332088,-1.4747986,0.14177908,-0.8149807,-1.0443828,0.09013103,1.2603568,-0.69246864,0.1869678,0.5005209,0.451899,0.07430426,0.048266925,-1.038703,1.2441072,-1.5381949,1.0036691,-0.031990387,-0.7640494,1.3684472,0.20804991,-0.15446533,-0.32189408,-0.42709666,1.6644502,0.16313595,1.3564178,0.9300852,0.0006759718,0.4097365,-0.037426356,0.99712324,0.7312121,0.9255624,0.5545524,1.2842324,1.3693802,0.46362787,0.5702451,-0.91465473,0.3174917,-1.0026195,0.069365844,-0.22292554,1.3464465,-0.16948335,0.015087601,1.13866,0.65172195,1.0644599,0.26044962,-1.2141595,-0.26525396,0.5973242,-0.84819454,-0.32986245,1.298981,0.39071035,1.2037926,0.6449427,1.4703699,1.4169233,-0.801798,-0.15812169,1.5962875,0.5112261,0.45786142,0.81191057,0.66961163,-0.33322406,-0.71907604,-0.40829167,-1.2303438,-1.5863025,-0.81996465,0.63678396,-0.599552,-1.3239578,-0.71986955,-0.06718244,1.3914369,0.5844052,-1.479157,-0.51722115,-1.2186422,-0.23223476
232,0.5988292,1.3039442,0.0,0.0,-1.5314854,-0.052514594,1.5640383,0.0,1.0,-0.15298009,-0.13263349,0.70324445,0.9091024,-1.2206174,0.28193825,0.13333422,0.8867553,-0.02822618,0.040323783,0.69577175,1.2943782,1.4002576,-1.1794119,-0.18440409,0.24567698,-0.4064879,0.78545374,1.4133501,-0.21683337,1.4318275,-1.7464172,-0.3595782,-1.2086506,-0.76656616,-1.0837482,-0.21520582,-0.078535125,0.52990836,0.63250583,-1.7248374,-1.220415,0.38279697,0.7149411,1.383338,0.27259856,-1.6626977,0.261775,1.1616906,-0.7563506,-0.8064309,1.0320184,-0.40849072,-1.1623527,-0.57957786,-0.44513643,-1.0766468,-1.3264698,0.11209303,0.8013213,-0.7806207,0.8291982,1.0151917,0.4629801,0.88822085,0.93484473,-0.0590358,-1.6088535,-0.5152152,-0.9393298,1.2068026,0.5953991,-1.3450186,-0.2069832,1.4078182,1.650975,0.122946255,-1.5578904,0.72066057,0.67068034,1.539104,0.61068946,-1.1172962,-1.46764,1.2207463,0.9935145,-0.25975263,0.09550415,0.57484627,1.2331071,0.72370857,1.1353567,-1.6420954,-1.696051,1.5732778,-0.79415095,0.93094486,0.037478305,1.3985777,1.4756985,-1.4409683,-0.3217061,-1.4829534
233,-0.5063318,-0.3336506,0.0,0.0,-1.1632377,0.5152566,-0.1638629,0.0,1.0,1.0021229,0.6908921,0.7611902,0.46295813,1.4312476,1.586222,0.3776538,0.35305753,0.3881455,1.6344295,0.88860005,0.6448094,-1.133968,0.08432548,0.10443965,0.67433023,0.21039927,-1.1927232,-0.48326796,1.336396,0.06784981,-1.078547,0.21709542,0.28049263,-1.3341603,-0.8776572,0.63981164,-0.7823487,-0.23489752,-0.7271462,-0.40030056,-0.68244976,0.40480927,-1.1057986,-0.6370675,1.1710292,-0.39270762,0.067920476,-0.8124223,-0.58417046,-0.45355743,0.21242285,1.5992118,-0.44093037,-1.3148683,0.38305146,-0.2806356,-1.456777,0.07132095,1.5220696,-0.31003356,-1.4634826,1.172648,0.88087696,1.2481728,0.92502135,-0.31515002,-0.9756722,-1.3613459,0.2109156,-0.9367296,-0.8793422,-0.715679,-1.6297799,-1.2738761,-0.6050156,-1.4058664,0.5473041,-1.5513331,0.5364638,0.264261,0.5116322,0.47915387,-1.4878528,-0.36240637,0.9786619,0.79478425,-0.94280356,1.0746078,-1.6285858,0.33004618,0.13029186,-1.0999945,1.512336,-1.6850203,-1.1559559,-0.23140706,1.3714358,-0.75993645,-1.6479629,0.9302316,1.4060965,-1.2739022
234,0.4361542,1.0037212,1.0,1.0,0.934656,1.4218535,-0.21384232,0.0,0.0,0.5312652,1.717188,0.76049286,-0.68330604,-0.5518031,-0.7440033,1.2751778,-1.0549357,0.09009233,1.3327874,-1.677881,0.10290704,-0.6606757,0.37413058,0.046207044,-0.9353462,1.4035741,0.66527265,0.41610187,0.83654004,1.5563804,-0.66575235,0.48895103,0.8167921,1.5499164,0.9397557,-1.0131539,-1.0583245,-0.42949376,-0.4718937,0.06866022,0.6054447,-1.263129,1.3496727,0.12181678,-1.415376,-1.480321,0.8226592,0.14000775,1.444943,0.8577504,-0.047716293,-1.4029878,0.87816775,0.6855787,1.4571351,0.47587946,1.0428727,-0.45311242,0.88978094,1.346372,-0.8631133,-0.9319177,-0.3390156,-0.69013304,0.8317284,-0.17044246,1.6854689,-0.36115962,-1.6053764,1.7152848,-0.5617622,0.23903222,0.5534604,1.397459,0.33097705,1.0034354,-0.5700589,1.1201456,0.47150493,1.2534622,0.20407447,0.5223569,-1.58855,-1.2160517,0.68954563,-0.344342,-1.4442949,1.3658136,-0.21592438,-0.7962054,-0.12543209,0.21073118,-0.3418671,-0.06075543,-1.2997257,1.3303372,0.93181777,0.768309,1.4508836,1.3814754,0.25904012,-0.5346634
235,0.022703605,0.11658236,0.0,1.0,-0.06001786,0.47375816,0.41367987,1.0,0.0,-0.86048967,0.7436745,-1.1929792,1.4075317,0.07405099,-0.16680872,1.1540246,0.42107922,1.1572047,1.4088006,0.81518126,0.79485005,0.6002579,1.7343019,-0.6708477,-1.3523751,0.64219475,0.64991844,-0.18276604,-1.1363064,1.3997363,-0.886257,-1.0871401,-1.2826873,1.5212907,-1.1085756,-0.4505008,1.0108112,0.040326133,1.6735427,1.5466777,-1.4807818,0.39964303,-1.0387744,0.32594073,-1.6366892,-1.5440202,0.93004465,0.23821415,1.3641502,-1.4127351,0.19045076,-1.2856466,1.2421573,-0.5639359,-1.2355883,-1.2649711,1.0980698,-0.10236253,-0.11768931,-0.6015049,-0.6322285,1.5979131,0.9096451,1.1312122,1.3395996,0.9418741,1.3646938,-0.66118026,0.6989989,0.5240422,-1.1486056,1.166683,-1.340542,-0.48690912,0.89283997,0.4998344,0.7449135,1.481914,1.4294047,-0.44694343,-1.2390056,0.45990503,0.1736128,-0.5006522,-0.89519036,-0.25960597,-0.6828732,-1.5058429,1.1874187,-1.5873806,-0.5011615,-1.0461961,-0.5124326,-0.42050648,0.4944896,-0.4070227,0.56089723,1.7036033,-1.7273109,-0.9216644,0.053318094,-0.43349284
236,1.8995906,2.1754084,0.0,0.0,1.2997103,0.49087462,1.7057002,1.0,0.0,0.17171723,-0.50686824,-0.87883043,-1.1577218,0.5655627,-0.50784034,-0.21540889,-1.5088322,-1.6013668,-0.023317099,-0.8490677,0.46511978,0.8331419,-0.94202375,1.2037381,0.54087234,0.6465761,-0.5484224,0.48798707,0.5969104,-1.1360018,0.15041946,1.4786999,0.64144224,-1.1869041,0.53334194,1.3503983,0.1782801,0.5891973,1.1300652,1.0646772,0.76942545,-0.26191962,-0.22597507,0.63798594,-0.9474113,-0.90378225,1.0536788,-0.6913352,-1.1087037,0.32354635,1.6182619,-0.5841458,-1.1437076,0.54998016,-1.5310006,-0.6657918,-0.96724147,-1.014808,1.359434,-1.4087297,-1.0038553,-0.788947,1.4256699,1.4643117,1.3748323,1.4641181,-0.36673898,0.5799178,-0.93905973,0.4802457,-0.0151689295,-0.38109732,-1.6263596,-1.3100557,1.6802481,-0.015334999,0.32968286,-1.6302285,0.819104,0.7953619,-1.3609673,-1.1980265,-0.3305777,-1.3260581,0.5771259,-1.0007832,1.0722235,1.3938506,1.3041569,0.11713379,-0.34866133,1.6074662,1.4979986,-1.1601723,0.2526938,-1.6061487,-1.0946252,-0.7625642,0.7248956,0.3811884,-0.7031628,-1.2547364
237,-0.20468388,-0.65069085,1.0,1.0,1.1522127,-1.6083208,-0.365928,0.0,1.0,0.14590573,-0.7283797,-0.79031795,-0.45750493,0.67743635,1.2318118,0.23806523,-0.85848415,1.020085,-0.07265618,0.55209816,-1.7459555,1.2407959,1.5745428,-0.36994436,0.19923635,-1.1960781,0.00040086737,0.5583691,1.0187347,0.14229846,-0.14839935,-0.8670039,-0.48247004,-0.6684915,-1.1277415,-1.3065608,-1.3320197,1.2558017,-0.029801548,0.26428765,-0.9987517,-1.0117915,-0.34320664,-0.67561686,0.97330976,0.26973304,0.96325994,0.7531315,0.104135044,0.74286646,-1.3366776,-0.71355194,0.40910673,-1.6735651,-0.59682596,1.458982,-0.13040227,-0.98875827,0.41790566,1.4382304,-1.5406622,-0.7611247,-1.1089401,0.6765729,-1.0519187,-0.7608589,1.2915099,-0.62363726,-0.27789906,-0.31468496,-1.4348423,0.67483765,-1.2670759,0.109257564,0.45508817,0.57312566,-1.6387936,0.69631904,-0.16998789,-0.5882592,0.5939055,0.38916695,-1.2995862,-0.7557108,-0.41335785,0.67599064,-1.2019315,-0.10983325,0.03383953,-1.5964655,-1.2735231,0.2782399,-0.2488514,0.459486,-1.0829985,-1.3299128,-0.38440177,-0.98519766,-0.4016741,-1.4774798,-0.50990915,1.1432015
238,0.2218584,-0.015145714,0.0,0.0,1.2425346,1.5474511,-0.66761935,1.0,0.0,0.034352884,-1.1306874,-0.7692598,-0.056797173,-0.80185276,1.4152051,-0.41647062,0.064207144,1.5588739,-1.7025645,-0.72574073,0.24192747,-1.0807152,0.5860949,-0.2523413,0.57829154,0.1360047,1.0714749,0.83367187,1.0132253,-0.05285001,0.21970232,0.7292328,-1.4507151,-1.4950209,-0.3058683,-1.6718297,0.63227594,0.3955338,0.17932859,0.62689,1.222687,0.23572476,-1.6241457,-1.1357422,1.411737,0.007367728,0.45871678,-1.2356566,0.2528605,1.7029926,-1.5073769,-1.4293683,1.6486976,0.80664337,-0.51676804,1.2626516,0.22682828,-0.22535115,0.34222335,1.2721719,-1.2901523,-0.63241714,1.1397725,1.0224875,-1.4519149,-1.2854971,-0.26157305,-1.127968,0.33139807,-0.6546704,-1.5894449,-0.77178687,-1.0910681,-0.77763623,1.0598819,0.40374276,-0.5817553,1.2226518,0.6765438,0.5179288,0.19161636,-1.6231107,0.5283606,1.4774921,0.90391874,-0.705904,-1.1736186,-0.44100633,-1.3097202,-0.8525737,-0.25444952,0.59006244,-0.56582123,-1.72386,0.645116,0.18029596,0.1400938,1.5304996,1.2827209,-0.048261542,-0.17119835,0.03572768
239,1.1026461,1.5191647,0.0,0.0,1.6794829,-0.5663801,0.7761301,1.0,1.0,1.5906218,-0.41957727,-0.7225498,-0.28593388,1.12652,-1.4578693,1.2857356,1.270823,0.32665637,-1.5162985,0.4520045,-0.22960924,-1.6630325,0.92287755,1.2728561,1.0199229,1.3723356,-0.8646343,-0.480574,-1.6598496,-0.021674572,0.21059969,0.54751176,-0.52407014,-0.55292886,1.0184269,-0.7993652,0.8222121,1.2260318,-0.9923009,-0.47875583,-1.657955,-0.15074953,-0.74151367,-0.5742789,-0.78647685,-0.5053776,0.3760371,-0.4014929,0.24892257,1.4531933,-1.7341136,0.51745325,-0.7905833,0.108421385,-1.3179953,1.164999,-0.31062886,-1.3045377,0.3088313,-0.52399755,-1.6576151,0.09820812,-1.1864046,1.2127966,1.2134197,0.110271096,-1.4074378,-1.4626504,0.31306148,-1.6249827,-1.3753623,1.3343512,0.03596348,0.5509403,0.4893029,-1.2601588,1.1371225,0.7588624,-1.5861474,-0.3281311,1.774329,-0.98561805,1.583417,-0.6088294,0.4969509,0.676117,1.0363566,0.87877536,0.86068827,1.5076897,0.58237535,1.5575253,1.033915,0.13008371,0.640352,0.8087591,1.6797976,-0.88944393,-0.43353796,0.5396958,0.64124537,0.37332356
240,-0.40440956,-0.32464397,0.0,0.0,-1.511952,1.4088454,-0.091564745,1.0,0.0,-1.0920831,-0.58184206,-0.8469462,-0.19095935,0.021996986,1.8551904,-1.3453091,-0.39190075,0.08551136,1.019449,0.534394,0.0033794981,-0.16191976,-0.96229595,-0.62953925,1.5520616,0.8019715,0.34664807,-1.5910491,-1.0914886,-0.9356439,-0.3780584,-0.7743413,1.3181888,0.67117244,-1.4308408,-0.41997203,-1.1023575,-1.6411142,1.28244,-1.5444828,1.5079068,0.08152236,1.1838981,-1.339185,-0.6675078,-1.067805,0.4494486,-1.6445802,1.4087294,-1.1399801,1.3653609,-1.19826,0.8962371,1.5909706,-1.7376783,1.2722974,1.0732691,0.9262086,0.091088,0.7853987,-0.5968057,1.2728745,0.37013295,-1.766334,-0.06172347,-1.4727067,-0.06675484,1.5998147,-1.5667459,1.4879072,-0.591485,1.5854908,0.6835809,-1.6601678,-0.6894563,-0.046376564,-1.4847298,0.67457837,0.014478364,0.8998764,1.4230435,0.6192038,1.0331779,1.590864,-0.3483158,1.086588,1.0242395,-1.292209,-1.531302,1.3074721,0.93812513,1.0197805,-0.3909779,-0.032857064,0.6686195,0.9340429,0.6993806,0.38086316,-0.75637215,0.8323903,1.3138351,1.367316
241,0.51325285,0.4967848,1.0,1.0,-1.4241275,0.4153401,1.2844847,1.0,0.0,0.7557808,-0.9374258,-0.90482223,1.136777,0.79188913,0.14681263,-1.4272543,-0.9539618,-1.0348,-1.7347515,-1.3243783,-1.4608588,-1.2355292,1.6903166,1.2739342,0.9308567,0.9405577,-0.7315035,0.022215534,1.0644484,-0.2698126,0.07340538,-0.3466241,1.1968987,-1.6810079,-1.133198,0.50629157,0.79881054,1.4005107,0.83059496,0.15107402,0.5015576,0.7958581,0.7369946,1.4102676,0.5074429,0.6055353,-0.23436014,1.3854237,-1.0030054,-1.0423884,-1.1582804,1.3577292,-1.1253686,-0.921653,0.8049044,-0.7465184,-0.9379742,-0.8855613,0.9428604,0.2335024,1.5066861,-0.46860394,-0.55812347,1.374935,0.9566754,-0.7322857,0.29724059,-0.59523594,-1.2946413,1.2011946,0.9201524,1.6732259,-0.65312886,0.5211852,-1.0806655,0.888944,-0.87555283,-1.5264088,-0.99307203,-0.042346794,0.22731565,0.8250155,0.6825706,-1.1556413,1.7680947,-1.3703974,0.8871551,0.7495234,-0.9681238,0.8678237,-0.8462882,-1.572568,-0.06888864,-1.7339876,-1.2866523,1.5278136,-0.737184,-1.223801,-0.15187302,0.9334045,-0.9413382,1.490232
242,-1.8331903,-1.4582189,0.0,0.0,-1.2324318,-0.56378067,-1.5437207,1.0,1.0,-0.023307027,0.11969192,1.5376899,0.6210349,-0.042841256,0.70382094,-1.0017971,-1.1080877,-1.4062259,0.88630134,0.5865461,-0.16967013,-1.1785163,1.2906944,0.003241605,1.3555934,-1.5537169,1.3677468,-0.3197739,0.10575918,-0.39026386,-1.2362229,-1.1819197,0.55259633,0.4855998,1.2639518,-0.6250448,-1.730577,-0.20450492,-1.3242494,0.5842167,0.60502976,-1.7284932,0.13771394,-1.0101923,1.1765783,1.3993093,1.434751,1.0241333,-0.10858861,0.6967823,-0.8437018,-1.2416992,0.99223834,-1.2464767,-1.0908549,1.2604562,-0.012457716,-1.58329,-0.2072615,1.2702338,0.4517613,1.7725139,0.036731243,1.6282722,-0.65035045,-0.9583285,0.8396941,0.7086519,-1.3195332,0.15812843,-0.5296988,0.29949087,-0.40106308,-1.0884221,0.382175,0.34491977,-1.0824094,1.3991694,-0.67907614,1.048807,-0.33906266,-1.2340957,-1.3019979,-1.3291086,0.31346244,-0.4443312,-1.0045795,1.3245027,-0.5142126,0.99671227,-1.5500389,1.2273785,0.7831017,1.6877595,0.6293589,-0.9200391,-0.5184751,0.011134097,1.6402997,-0.76979095,1.3477306,-0.09497907
243,-0.30980128,-0.6716969,0.0,0.0,-0.46747974,1.1337278,-0.40856183,1.0,0.0,0.833827,-0.5003962,-1.4011711,1.6626488,-0.29050145,-1.2416185,-0.6669979,-0.24325019,-0.9567977,-0.43943763,0.6504084,1.7023265,1.3137076,-0.48682782,0.93826145,0.1701711,0.13915901,0.5150189,-0.7463801,1.1308229,1.3554097,1.4036967,-0.6181998,-0.04897108,-1.1701571,-0.46611908,0.057151705,-0.08165289,0.97753036,0.98152494,0.84925854,1.3349819,0.8784232,-0.58751446,0.910519,0.5585977,0.1200763,-1.7408326,0.6168244,1.2432215,-0.8656871,0.8327746,0.34254736,1.4106808,0.38745964,-0.5955407,0.053622514,0.5593985,0.93387216,-1.3605217,0.014935447,-0.49164453,-1.5685179,-1.558538,1.4604235,0.55465835,-0.3467374,-1.4012647,0.20114325,-0.21045525,-0.8344648,1.117176,-0.35744667,0.7586176,0.6973553,0.5141091,-1.670809,1.3271639,-0.31623754,0.049941637,1.4676807,-1.4296052,1.047402,0.3763395,-0.12030765,-0.3217301,1.4907832,0.92225635,1.0653167,0.61943054,1.6402774,-0.958,1.4023911,-0.31228742,0.29030427,-0.33531076,-0.7418723,-0.74188405,-1.3916944,1.2913934,-0.6743381,-0.9897147,-0.8758829
244,0.6628454,-0.08158753,0.0,0.0,1.5473826,-1.2609686,0.4571891,1.0,0.0,-0.18163194,1.3598465,1.1413826,-0.8680527,-1.0695419,-0.985376,-0.94804543,-0.15440579,-0.2681301,0.17453448,-0.19178444,1.2394092,0.13927142,0.6961095,1.3772768,-0.0031388963,0.92843515,0.44595072,-0.9869319,-1.3403164,-0.5190692,0.47080576,1.5540808,-1.2719156,0.6820017,-1.5788795,1.3365246,-0.25948897,-0.6004448,0.10656063,0.519788,1.3208437,1.0557404,0.8815887,-0.5718441,-0.7948154,1.1264119,0.83382934,0.7850922,-0.13045804,-1.6872648,-0.9620727,-0.6182462,1.4769727,0.3838966,0.8580097,0.3420997,-1.4273123,0.42263266,-0.87778157,-0.6736221,-0.95538133,-1.5267503,1.7031866,-0.86916584,-0.16528627,1.0158229,0.4079607,-0.20334277,-1.6062809,-0.42930984,0.8982821,0.21227677,-1.0401273,-0.62970984,1.0778848,-0.039695714,0.80366206,-1.3240545,-0.716925,0.40113136,-0.330768,1.4146132,-1.1541549,-1.6891333,0.3667926,0.21720034,1.0530598,-1.6259718,1.739702,-0.0016628553,-0.073592685,-1.159819,0.4382434,-1.3295288,0.319936,-1.4105427,0.16383821,-1.3019588,0.758452,-0.71710235,0.79212,-0.72061
245,-1.049249,-1.4277321,0.0,1.0,1.2664001,-1.5719571,-1.0744746,0.0,0.0,-0.21242982,-1.4137338,-0.6947709,-1.0466583,-0.7249436,-0.77217394,0.52870405,-0.6048098,-0.40931624,-0.7512671,-0.8366649,1.6150576,1.6746992,-1.1411244,1.5156584,0.354674,-1.6516836,-0.011788893,-1.5977782,-0.18051776,-0.48495406,-0.12102072,0.10250628,-1.0829765,-1.2871753,-1.0771216,-1.5461063,-1.5427881,-1.6879607,0.28387043,-1.4814498,-0.43600905,-1.1646094,1.5872471,-1.0180073,-1.139507,0.7367815,-1.1554606,0.3142232,-0.6791019,0.983843,0.7916613,-1.2002351,0.49109694,-0.24694301,0.28088093,-1.0470457,0.9174546,1.0927546,1.353504,1.7297986,-1.1006074,-1.3456737,-0.4843521,-0.3199302,-1.625872,-0.26018304,0.48500916,0.27506158,-0.8909618,-0.34242794,1.50735,1.072441,-0.010298605,0.64489394,1.681498,-1.2633914,-0.10837515,1.513743,1.5583645,1.5171555,-0.6274621,-1.0819875,-1.6712729,-0.25422192,-1.490624,-1.6500989,-0.59483224,0.85446584,1.7362227,-1.1896065,-0.29649693,0.75627345,-1.2370986,-1.5152316,1.5174956,1.0324368,1.1064992,0.47209105,-0.7651387,-1.3830374,1.4105798,-1.0119028
246,-0.44143432,-0.5667935,1.0,1.0,1.1850256,-1.0017034,-0.8366897,0.0,1.0,0.70961607,0.34423748,-1.6168853,-1.3749063,-1.4208244,1.7900468,-1.2184554,-0.6243702,-1.322467,0.12829493,-0.54247475,0.45068648,1.3650317,-1.4786274,1.3754274,-0.7782895,-0.71899986,0.8956922,0.4786401,-0.33630076,-1.3262554,0.3596834,-0.69741625,-1.5052481,-0.24464957,1.3588182,-1.3837949,1.3592024,0.969935,0.25887707,0.71561384,1.7031275,1.3673171,1.5388299,-0.07717486,0.67289793,0.23528977,-0.51187557,1.4752622,0.69750893,0.14223668,-0.04594261,0.64612466,0.5293466,-1.3602136,-0.7854144,-0.89727205,1.2831386,-1.5805289,0.9983055,1.6866174,-1.4726185,-0.72692204,-0.589847,1.4239933,1.3542569,-1.5476209,1.1973901,0.5571183,-1.4708546,1.3670992,-1.1684,0.44516635,1.4583423,0.87628525,0.33701882,-1.2657874,0.1302898,0.6498489,0.38140753,0.53763396,1.3901441,-1.0759755,-0.9341224,1.1385007,-1.1296,-0.32861406,0.8877628,0.8173325,-1.3545767,-0.6628701,-1.3767122,0.36137164,0.013139918,-0.21479888,-0.7934763,-1.2504625,0.33535373,1.5610057,0.75534093,1.560734,-0.944444,1.5814264
247,-1.6169766,-0.94062936,0.0,1.0,-0.02500117,-0.87419105,-1.3463233,1.0,1.0,-1.4569334,1.1692154,1.2769513,1.2530049,0.8915828,-1.3519773,-1.3789971,1.1737704,0.38197082,0.7704864,-1.0011507,-0.5418611,0.2295735,0.41787472,-0.016548518,-1.7195929,-0.39132184,-1.0875118,0.6909941,-1.0315124,-1.4453194,-0.552555,-0.5803709,-0.72833896,-1.52975,-0.0050404756,-0.07778885,0.83342826,1.0758067,0.63795304,0.9190576,-0.7187247,-1.3847209,-0.9513603,0.90162486,-0.0072738053,-0.6918318,0.998263,0.49528846,-0.7266811,0.32460678,-0.10922161,-0.019331872,-1.6087196,1.6852484,0.121866375,0.13688557,0.992115,-1.4816527,0.18239947,1.0084227,-1.3682717,1.2841827,1.2117348,-1.3367149,0.16897027,0.72636676,0.59749067,1.6140547,-0.41409758,-0.17366329,0.9580131,1.6776124,-1.2767185,0.24834168,-0.010834765,-0.8404712,1.6201301,1.4430164,0.54620814,0.59537363,1.1492096,-1.6114411,1.1335595,-1.0341921,-1.2001897,0.45488802,0.37722453,1.4311026,-1.0523778,-1.6731746,-1.5958352,-1.2793816,-0.5632416,-0.23543294,-1.3813959,0.18350403,0.7168058,-0.7746952,1.3573226,-0.5742642,-1.4714229,-1.3158233
248,-0.7967126,-1.2235398,1.0,0.0,-1.3140643,-0.36590776,-0.6663618,1.0,1.0,0.1605737,-1.4285324,-0.21620606,1.0305284,1.5662973,-0.7936024,0.40056285,0.6481811,1.3758004,1.6601776,1.028913,1.0722672,0.9102934,-0.0685492,0.35589305,1.440944,-1.6341113,-0.68091595,-0.7624681,0.4787216,1.1584442,0.33622754,1.0405887,0.30011436,1.2661552,-0.9813602,0.7150094,-1.6412112,-0.39966902,-0.1344656,0.4779497,0.87384194,-0.3089138,-0.32269135,-1.0088574,-1.2001736,-0.14277868,0.4010992,1.457884,1.1833328,0.9612417,1.2553232,1.4497833,-1.058937,-1.5917984,1.0348445,-0.6614626,-0.22624122,-1.4556096,-0.24463977,0.8250922,0.01872834,-0.5451436,1.3172665,0.57097656,1.2666684,-0.7204785,-1.0280459,1.0416881,-0.24242708,0.48690668,-0.4249562,-0.16746207,-1.3228415,1.3457353,-1.5971923,-0.8504168,1.4806645,-0.668658,0.9021485,-0.30309886,1.3415241,-0.8780839,0.7647855,0.75420505,-0.17891905,0.68640697,0.6412652,0.9425814,1.6134496,-0.8239831,0.32310867,1.5801505,0.64652526,1.2748867,-0.23291607,0.086522326,-0.7759411,-0.3364624,1.0034413,-1.5368495,0.373105,0.4989757
249,0.027761338,0.35054952,0.0,0.0,-0.46456876,-0.10412757,0.3330926,0.0,1.0,-0.96140206,-0.46597123,1.3621172,1.534761,-0.33753398,-1.3790427,-1.2556185,-0.2592223,-0.2106503,1.4369725,1.267517,-0.22851391,-0.1163587,0.35331017,-0.63467747,-1.4037688,1.4828951,0.55164945,-1.0881162,1.0220815,1.551851,-1.5341104,-0.050511934,0.6303752,0.052597325,0.42743015,1.1827422,-0.118453644,-0.6175368,1.603395,-0.8730765,-1.0462208,-0.58735824,-1.4325162,-1.5501945,1.5480214,0.25397423,0.022826953,0.99151623,1.4586784,-0.66583085,-0.69938284,-1.0341098,-1.7179861,-1.1639112,-1.5941666,-0.33228058,-1.0127679,0.5099028,-1.1681532,-1.5014223,0.9136877,-0.25532413,-0.32720837,1.2590894,0.9335026,0.5342263,-1.2188705,-0.9036545,-1.1695734,-1.2898847,0.92523503,-1.2113688,0.86233246,0.2002345,0.19160728,0.5975389,-1.7650872,-1.1829686,-0.92404926,1.087311,-1.324159,-1.3036956,0.0242966,1.6449835,-0.87236255,1.0010878,-1.1654589,-0.12120649,1.235754,-1.2018545,1.2260895,-0.910563,-1.130418,-0.116630174,-1.0825217,1.2107364,-0.91468525,1.5754033,1.5729586,0.98260754,-1.2638817,0.41978613
250,0.28464028,0.5317979,0.0,0.0,0.3351381,-0.79281485,0.44610393,1.0,1.0,-0.41505995,0.025804706,-0.26641834,-0.6575402,-1.2472318,1.4401685,0.5961516,0.57648206,-0.93343115,0.9643228,1.5625577,0.8791663,1.4602768,-1.7085048,0.42962927,1.3216393,-0.6761373,-0.9837777,0.14935328,0.68296844,1.4771396,-1.5489491,1.7360196,1.460989,-1.05315,0.14251593,-0.312782,1.4421461,0.13793494,-0.9848536,-1.6804749,-0.6816261,0.030366408,-1.153723,1.3068159,0.64268595,1.3025395,-1.4999534,0.45622757,1.3661278,1.2469003,-0.003920991,0.31149164,-1.1283891,-1.287144,-0.2832426,0.7867431,-1.4976325,0.3738997,-0.65623134,-1.2571223,-0.45248735,1.3289487,-0.2763674,0.5612125,1.614227,-1.5538738,-0.7928299,-1.2783201,-0.39487928,0.9564319,-1.4354166,0.91428185,1.4453353,-1.2779115,-0.9564873,1.446842,-0.5943959,-0.3703564,-1.5913439,-0.30175433,0.74725074,0.62498075,-0.106075026,0.6763498,-0.10454786,0.5316157,0.51919305,1.0593783,-0.2573038,-1.5059234,-0.76618487,-0.2377042,-1.1820476,-1.1094899,0.63094616,0.29638147,-0.86102784,0.089782685,-1.1202391,1.5776813,1.6031017,-0.16560535
251,0.9552617,1.3244883,1.0,0.0,-0.11246406,-1.6949828,1.3148793,0.0,0.0,-0.20675924,-1.7644339,-1.6967245,0.6878024,1.3405222,-1.145821,0.7328558,0.107989304,-0.42935497,0.90740055,0.36383933,-0.5272036,-1.6596353,0.80403334,-1.2485311,-1.534072,-1.0894027,0.13192971,-0.35204372,-1.538572,0.60893637,1.7379899,0.15937424,0.8394792,-0.06074745,0.6196713,1.5775415,0.18414815,0.0023016373,-0.37769365,0.45778644,-1.6296452,-1.556497,0.6445011,1.3777282,-0.2980806,1.1630028,1.116054,-0.24524672,-0.22888446,-1.4810067,-0.50690013,-1.1637374,1.6038196,0.7732288,-0.4280568,-0.4270848,-0.9034824,1.2798266,-1.074949,1.2943919,-1.2346789,-0.16247441,0.13626274,-0.049651213,-0.87913084,-0.042258583,1.0022749,1.6631842,1.6921976,1.0493096,-0.36232004,-1.5090461,-1.7200533,1.0123583,-0.5258408,-1.5889226,1.4438759,-0.13721299,-0.8713294,-0.6759905,0.86104214,-0.07991807,-0.68167114,0.4784435,1.1402345,0.36114258,-0.7182987,0.64034605,1.5024855,-0.092242174,1.23969,-0.74166,-0.4125345,-0.8291807,-0.772615,0.9481546,1.2121423,-1.5502717,-1.6654087,0.28186202,-0.5078068,1.6391234
252,0.22422864,0.877849,0.0,0.0,1.3717184,0.86483055,-0.55423397,1.0,1.0,0.674228,1.0026767,-0.22869062,0.44901827,1.3121045,0.75978494,1.4556005,1.4721593,-0.1741705,-0.6184655,-0.44038182,-1.4804248,0.6697187,-1.2664783,-1.3538599,0.062173985,1.4896538,1.5435512,0.14045456,-0.90143013,-1.1817274,1.1721898,1.6476828,0.93117446,1.1612599,-1.2339704,0.50318617,1.2556832,0.7481391,-0.20600522,-1.5027474,-0.58827955,1.6586024,-1.2394122,0.01783495,-1.6909665,1.1427933,1.4369061,-1.3965846,0.8132155,0.01718388,0.3649734,-1.3534431,-1.7519499,0.33295763,-0.34943038,0.35066324,-0.08408473,1.2561685,1.4793472,0.89060867,-0.8822142,0.055939533,0.79727596,0.78588194,1.5523474,1.7680303,-0.05040517,0.29720718,1.1885797,1.5765796,-0.78147805,0.18565068,-0.36479646,-1.490266,-0.8803265,-1.2482083,-1.3342783,0.71539104,1.1435469,-0.19632262,1.8242956,-0.9348892,-0.88380414,-0.6129695,1.0464327,-0.40477508,-0.36689016,-1.5366099,0.52859265,-1.3839821,-0.023896983,-0.96161544,-0.19195075,-0.31831747,-0.38027716,0.0756858,-0.29703906,1.6981813,-0.8317916,0.82336116,1.1465048,0.06414189
253,-0.35582384,-0.3575247,0.0,1.0,0.9218225,-0.48844084,-0.30026966,1.0,1.0,0.78791344,-0.9168635,0.6302238,0.019385561,0.16569057,-0.0070561855,0.21202788,1.5392996,0.9702676,-0.9862088,-0.115380414,-0.36844736,-0.73330235,1.364172,0.1781276,0.8708738,0.85070276,-0.44905335,1.4763823,-0.9384338,-0.3487261,0.08113867,-1.2518089,0.82252634,-1.6562666,-1.5172485,-0.58158857,1.350685,0.7715096,-0.7893228,-0.07041226,0.83320266,0.64307964,-0.009481151,0.3063123,-0.5724983,0.59990364,-0.48220646,0.36924267,-1.1240578,-1.1445404,0.72903687,1.7382206,1.0596913,-0.63022876,-1.19899,-0.06071527,-0.32734564,1.0261399,0.13154577,0.67345273,-0.75676686,-0.69335085,-1.0172007,-0.82407933,0.86516577,-1.598954,1.1674274,-0.38665697,0.020363888,-1.5377342,-1.5137392,0.8575711,-1.3318044,1.3168716,-1.0195438,0.017818157,0.16224425,-0.2386167,-0.11607421,-1.5256115,1.1820673,1.2032977,-1.2663082,-1.2208533,1.4829514,-1.1743361,0.12289397,-1.6572748,-1.4852107,1.0936521,0.7757994,0.03487982,-1.265584,-0.12196665,1.5101506,-0.0005697702,-0.13985863,0.500312,-0.2777882,-1.1664037,1.3137493,0.13252449
254,-0.59955233,-0.12898618,1.0,1.0,0.6282476,0.95226145,-1.262885,1.0,1.0,0.7500346,-1.1598203,1.3809959,0.6811284,0.6817191,-0.70155716,0.7143113,0.11809581,-1.2307581,-0.7609173,-0.14963858,0.65522057,-0.5902466,0.6777773,-1.1644415,0.93106997,-0.3785857,1.6929668,1.7017992,-1.5832864,1.4084319,0.63411003,0.6662368,-1.0489691,0.5218301,-0.32382435,1.0653816,1.403036,-0.7135254,1.4524215,0.03248241,0.9141768,1.6719755,1.4519017,1.5550549,-0.706257,0.8859682,0.7338865,0.80942637,-1.2271621,0.83766824,-1.4737954,-1.5902967,0.17605154,-1.3060904,-1.4979917,1.0447371,-1.4701836,-0.3644369,-1.2036796,-0.4490357,1.2348247,-1.3795344,1.7417815,-1.140316,1.6134596,0.27205414,-0.68186176,-1.4448467,0.91117996,-0.3281659,1.6780725,-0.7196717,-0.34300455,-1.4137787,1.6222124,-0.51542985,-0.15990978,-0.3621808,-1.0071913,1.3065902,0.95870763,1.1214753,1.0308558,-0.8567157,-0.87973124,-1.1569177,-0.20731285,0.5836603,1.0192884,-0.9245743,-0.6532497,1.3134845,0.21165654,-1.2976016,-0.42589045,1.3666588,-1.3681973,-1.3203098,0.27055374,0.7801403,0.041326948,0.38283145
255,1.2315608,0.7938443,0.0,0.0,1.5244006,-1.5513014,1.2650619,0.0,0.0,-1.0694354,-0.04196545,-0.76695067,0.5342705,-1.0841056,-0.97724664,0.9550449,-0.9203958,0.87837416,0.7545703,-0.7452248,1.247592,-0.25447008,1.6703678,-1.0571024,1.5492597,0.5179918,0.8794378,0.21837057,-0.63801503,0.708798,1.3120681,-0.65748143,-1.6629848,1.3232728,1.5369796,-1.3245417,1.126587,0.28794065,-1.6371752,-0.39934894,0.45185053,0.70633763,0.06011055,-0.5868196,-0.08125295,1.0188949,-0.890846,-0.42273864,-0.26849937,-1.6150608,-0.27010238,0.24728616,-1.3976012,0.74174887,0.42104316,1.31764,1.202799,0.8552511,-0.2138238,-1.0393891,-1.2980955,-0.1348238,0.41585803,-1.4377939,1.367451,-0.8502193,-0.12386358,0.23485671,-0.5530547,1.1553614,-1.0498581,-0.6672618,0.21630876,-0.20073935,0.44810346,-0.33471483,-1.4754726,1.1638446,0.1924864,-0.59140545,1.830851,0.06234896,0.83409446,1.5878292,1.1059676,0.38934422,1.3660805,-1.4316326,0.97310704,1.0940682,-0.99089533,0.6773829,-0.31884208,-0.47869655,-1.6295083,-1.2244685,1.5704751,1.1209589,-1.6179521,-0.43264416,-1.4811872,0.126439
256,0.018767742,0.50173736,0.0,0.0,0.8577401,0.23746908,-0.4068816,0.0,0.0,1.2510737,-1.637859,-0.46774054,0.7660779,-0.39927033,-0.7121834,-0.09638763,-1.57598,0.56512004,-0.016445635,0.612203,0.9837816,0.89876646,0.671305,0.62940943,0.75565284,-0.8481938,-1.4954295,0.72230893,-1.3724852,0.7374904,-1.1421051,1.7076237,-1.1379322,1.640944,-0.015447954,-0.032627188,1.0549222,0.04546778,-1.1451976,0.49529362,-0.24656995,-0.15408067,-0.46524242,-0.33948395,-0.9357393,-1.3738035,1.043614,-1.4063506,0.9863743,-0.9361479,1.6308451,0.44020233,0.5667504,-0.94135636,0.85643625,1.1919222,-0.3642877,-0.9868146,1.5890751,-0.68732095,0.8953351,-0.3013475,-1.2337517,1.2565014,1.4368458,-0.076612145,0.3272478,1.2712499,0.0698582,-0.5612582,0.45554465,-0.8134851,-0.28311372,-0.40514663,0.6292476,-0.5512117,-1.5469437,-1.5542076,-1.4682473,-1.1119282,1.73037,-0.9474531,-0.6090491,-1.102304,-1.5866829,-0.6240954,-1.5544732,-0.9746201,-1.105345,0.027024973,-0.24878055,-0.84256274,-1.3308104,-0.590436,-1.2759465,0.50091153,-1.3685132,-0.026227316,-1.2463872,-1.5806782,0.40406877,-0.91343397
257,-0.66612744,-0.5033229,1.0,0.0,-0.6121335,-1.386513,-0.5823011,0.0,1.0,0.8111109,1.7517122,-0.6231035,-1.3326527,-1.3840841,0.17743428,-1.5776608,1.0763965,-1.4030713,0.476668,0.9473195,1.6865655,1.4545239,1.1135383,-0.766479,0.12770113,0.7701335,0.16450243,1.2040645,0.61337,1.2326802,-1.4078948,0.97778374,-0.3826674,-0.00912928,-0.03610721,0.88360107,1.6061715,-1.5185081,1.0238236,-0.6759333,-0.86110896,1.3937777,-0.18753931,-0.6940657,0.96655387,0.49478275,1.1302736,1.5235671,1.0221032,1.7363396,-1.1192545,-0.44663978,1.5912876,-0.9352888,-0.49854627,0.04767939,-0.13643005,-0.06870747,-0.8092242,0.7663122,-0.031034827,-1.5218514,-1.5879087,1.184368,0.15702713,-1.2304915,1.3293612,-1.0555667,0.70091146,-1.3454473,-0.24477856,0.34816724,-0.53540117,0.7204655,-0.87010056,-0.49735254,0.36304292,-0.80225545,-1.0052036,1.4516927,-1.1363488,1.0724604,-0.8375754,-1.4467769,-0.7042309,1.3637844,-1.4747926,-1.122079,0.4033131,1.6105797,-0.609367,1.4737483,-0.75929624,1.5126624,-0.97023296,0.46873182,0.2328531,0.9776911,-1.4446291,-0.5297515,-1.0378926,-0.41577184
258,0.7237209,0.23735744,0.0,1.0,0.9232488,-0.03527047,0.9567312,1.0,0.0,0.2098248,1.7643081,1.633838,-0.38101864,-0.73819757,0.22775869,-1.5506113,1.2856302,-0.38411406,-1.5852586,-1.4360762,1.0239266,-1.0980276,0.06912978,1.3041929,-1.0890931,-0.70171773,1.028084,0.12962396,-1.1296359,0.42612627,1.8213865,-0.6784636,0.60842943,-0.74872583,-0.6354978,1.5821134,-1.00177,1.2560285,-0.29070884,1.5081034,-1.4728144,-1.0114198,0.53087026,0.20763323,-1.0071312,1.0664445,1.2540312,-0.1508589,-1.4295807,0.2346752,1.5785974,-1.322152,-0.29798746,1.0166273,1.6404448,1.128332,0.16469063,1.3175554,1.5903906,-0.17051476,-1.024755,-0.8470672,0.0047271554,-0.71000636,1.3375393,-0.75352687,-1.7499423,-0.38002503,-1.4820286,0.4512545,0.30339867,1.360823,-0.4969083,-0.54927355,1.5526367,0.5556549,0.46438316,1.4385115,1.5132285,-0.6485394,-1.6035237,0.7499555,-1.6016623,-1.6382946,1.2381276,-0.18747485,1.126281,1.2370851,-0.40797827,-0.2241937,0.89092785,-1.5169624,0.13289447,-1.3185219,-1.0430455,1.3882107,0.093095556,-0.48421296,0.35231966,0.4927943,-0.10381791,0.3793308
259,0.43990672,-0.5552904,0.0,1.0,1.0121166,0.42755547,0.43537724,1.0,0.0,-0.4083291,1.6381401,0.8350487,1.4940968,0.5894321,-0.43431848,1.2574587,-0.44840467,-1.5010897,-1.6923623,1.5635297,1.7362806,-0.76551884,0.57474995,1.2412107,0.7066035,0.21433939,-1.090087,0.41846675,-1.2767464,-0.0627291,1.2955735,-1.5564783,-0.7590201,0.60373956,-1.6026652,-1.6588755,-0.13874997,-0.06143444,-1.2152992,-1.5646685,1.053103,-0.065031394,1.054622,0.25575462,0.64289063,0.7479616,-1.6892983,1.6303397,-1.4787402,-0.4888849,0.07735331,-0.54970974,0.5940683,-1.2706482,-0.4442919,-1.3022923,0.3567294,-0.78070784,-0.039235897,-1.3861289,0.4090221,0.9814601,-0.5314964,0.41943076,0.74751604,1.6446173,1.3298876,-0.8004032,0.88206655,-0.47826317,1.6920716,-0.86289793,0.36120662,0.85698116,-0.16061541,1.5238663,0.64152074,-0.75423706,-1.7247818,-1.653323,-0.92952913,-0.52960366,-1.3043859,1.1754016,1.6160576,0.7727508,-0.025463799,-1.5939227,0.916443,0.72572553,-0.77714235,1.3169801,-0.19005275,-1.3302939,-0.5565017,-0.6950857,1.0255265,-0.7648179,0.16468081,-0.2295183,1.2352673,0.4265405
260,-0.4299702,-0.48492095,0.0,0.0,-1.7816072,-1.5004756,0.74452764,1.0,1.0,-1.0293958,-0.98681116,-1.6121054,0.85269225,-0.25482783,-1.234184,1.1925797,1.159816,0.84728575,-0.751628,1.6337023,-1.5817959,1.6403399,-0.70328146,0.5423822,0.95551795,-1.0484749,1.2046801,-1.11193,-0.30780578,1.5010351,0.3339261,0.06702586,1.2451295,1.389069,-0.06960718,1.2818699,0.1284956,0.24143589,-0.605862,-1.076358,-0.30192024,-1.4606144,1.6674464,0.26415136,-1.5725657,-1.2859286,-0.9221897,1.4493603,0.23437005,-1.7187672,-1.1297135,-1.5764303,0.37582132,-1.6486151,-0.9125744,-0.44318545,0.7271776,0.9244787,1.0688747,0.616434,1.6626431,1.7654865,0.41515362,-0.49540848,-0.05219433,-1.0907893,-1.5287409,1.3107333,1.5053706,0.607002,0.8257286,0.42004618,1.4009519,-1.2482938,-1.2288022,0.774656,1.4959679,0.4297563,1.3982126,-0.69351184,1.266474,1.0809429,0.43509212,0.13172866,0.8660886,0.639201,-1.7271687,-1.1833171,1.5875814,-1.3047132,-0.18698902,-0.7304557,1.1123433,1.0283524,0.13698748,-0.43280536,0.9000132,-0.7802713,1.2985327,1.0756994,1.6223984,1.7288616
261,-0.18823831,-0.26757875,1.0,0.0,0.84707206,-0.8564681,-0.8174632,1.0,0.0,1.6218355,-1.3444555,1.3816842,1.6936243,1.4665273,-1.4070456,0.97971386,-0.8885987,0.37073094,-1.681249,-0.37780574,0.5294984,0.57510406,0.87996817,0.070232816,1.7163354,-0.9228087,-0.9081785,-0.9032795,0.4707673,-1.2109368,-1.3496238,0.028544247,1.516364,0.34535828,0.34055,0.7110786,0.8676481,0.8219897,-1.3809217,1.7198519,-0.08603012,1.4724902,0.027401239,-0.84248596,-0.7096773,0.31444088,-0.6187186,1.5453906,-1.1238966,0.3154132,0.542516,-1.679496,-0.3988262,-1.5759099,-0.013924841,-0.5397282,-0.6678622,-0.051887512,-0.93983597,-0.94617367,1.4490552,-0.971489,-1.6357075,-0.14181635,0.40035367,-1.6353358,-0.982466,0.118660495,0.68181014,0.9308657,0.06534964,-1.1850032,-0.95634127,-1.1977746,-1.6466726,-0.79530823,-0.96841013,0.6871006,1.3824742,-1.0352376,-0.8996478,1.2255838,1.5925262,1.5468907,0.36830458,0.9897387,-0.022901954,-0.5270424,-1.2692119,-1.573816,-1.5376918,1.6317401,-1.3722821,-1.4973881,0.8382366,0.4602657,1.4103649,-1.5876175,-1.2798496,0.76971316,-0.6365538,0.50558835
262,0.46149853,1.4477732,0.0,0.0,-1.2290395,1.60857,0.8214196,0.0,0.0,-0.050873023,-0.354607,-1.3332839,-0.8433782,0.07843377,-1.4034841,1.377582,-0.79844606,0.9937135,-1.2652056,-0.49462542,0.61682385,-1.3952489,1.1464553,1.3471713,-1.3058145,0.504816,0.40548363,1.4328808,-0.036221858,0.7813517,-0.14150618,-1.4990237,-0.3276554,1.1118852,1.1772474,0.4256874,-1.2846698,1.1258254,-1.543563,1.78157,0.32022905,0.4716756,-0.8203225,-0.034372896,0.807758,-1.5674013,-1.1343247,1.1966095,1.4944005,-0.8529458,-0.15273774,1.722755,-0.39866197,-1.6499325,0.7736381,-0.10078301,-0.03580862,-0.64424783,-0.0979398,1.5921756,-1.4018747,0.8679472,0.0203377,-1.2239794,-0.7035997,-0.2493731,-1.6284503,0.365334,0.9824448,0.63488847,-0.49895748,0.5035633,1.3201815,-1.0180736,-1.3899497,0.46330008,-0.4489608,-1.3217891,1.3475696,-0.5323505,0.28920522,0.37302914,0.26350096,-0.2800345,-1.3189923,1.318088,0.40808496,0.124665014,-0.41166243,-1.1047398,1.1989061,0.81092167,-1.0813936,0.06600273,-0.39934656,-1.1264782,-1.7154571,-0.48554415,-0.6282035,-0.4909934,-0.57284045,-1.2859488
263,-0.37989703,0.6226467,0.0,1.0,0.9624715,-0.13715093,-0.43968397,0.0,0.0,-1.4834207,1.4204589,-0.3213139,-0.83346176,1.0438982,0.4506602,0.44000685,-0.59201115,-1.0255566,-1.1081872,1.0567287,-1.1628819,0.6724202,0.009858426,0.458181,1.5362519,1.1913061,-1.1093919,-0.5662513,-0.9647257,-1.0740243,-1.7579442,-1.3734326,-1.2302035,0.03381729,-0.39419556,-1.17127,-1.3067333,-0.22371636,0.61116534,-1.0206982,1.2322614,0.48004147,-0.41420233,-0.8833207,1.5846077,-0.62776285,-1.0085812,0.9879911,-0.12886128,0.18314722,-1.1785668,-0.25768086,-1.228214,-0.9954294,1.1755959,1.267005,0.32925922,0.27057004,-1.5214729,0.81369793,-0.4082984,-0.16995609,-1.1212393,0.25706327,0.65196383,-0.56963384,1.5027549,-0.8343718,-0.4318427,0.09739507,-0.09223602,-0.21744548,0.00045646564,1.6645503,-0.69494426,0.9021023,0.4234858,-0.3159319,-1.4363571,1.1525646,-0.1674168,1.4660398,-0.48852414,-0.087890305,-1.0920811,-0.5707224,-0.53625697,0.91683227,-0.32780883,1.2919271,0.9286265,-1.3756878,-1.0460124,0.8206676,-0.055088755,-1.6737514,1.3499943,-1.2167763,-1.6519902,0.5160942,0.12796083,-1.5082583
264,0.43508828,-0.012733567,0.0,0.0,-1.3337312,1.4112083,0.88870615,0.0,1.0,-0.33616614,-0.11783328,1.5735333,0.32119903,-1.0803901,1.1984881,0.046811644,1.0475186,1.4368192,0.44868886,1.2742176,0.53015673,-0.44130194,1.0361054,0.9709484,1.104231,-0.7782757,-1.0477585,-0.7390408,0.02108404,1.1969925,-0.6500727,0.9530675,0.059283644,1.3378351,-0.094965756,1.0046908,0.11489697,-0.46840262,0.101169266,-0.12220374,-0.15909898,0.742468,1.3294898,1.1315656,-0.2832243,-0.2760124,1.6385795,0.46012902,1.4713949,0.59385407,-0.057046153,0.92769474,-0.9252999,-0.6214483,0.91424197,0.6455668,-0.55379534,-1.5693992,1.0158414,-1.0519096,0.8438514,1.0824528,-1.4367539,0.19179206,-1.7354207,-0.09362323,-1.6606672,-0.24993654,1.2539563,0.7786631,0.9331019,-0.24804747,-0.67580605,-0.40235886,0.32805908,1.5117482,0.93214715,-0.08062407,-1.1820961,0.104419835,1.767235,1.5780245,1.3583506,0.2262489,-0.6436815,1.5678263,-0.51512873,1.2285295,-1.56585,0.3374714,0.5163955,-0.61062825,-0.10973774,1.4746441,-0.45430642,-1.5697513,1.4997915,0.23322374,-0.81646025,0.29046264,1.1498502,1.1367445
265,-0.5946723,-0.14796372,1.0,0.0,0.7547587,-0.5341314,-1.3711455,0.0,1.0,-0.5911657,1.7184199,-0.00040332673,0.4578546,-0.36260748,-0.47453845,1.4790907,-0.77244985,1.5327107,-1.7626112,-0.2562314,-1.305442,-0.43863624,0.19867143,0.5315531,-0.66364175,1.1946698,0.6368244,0.2456917,0.8724342,-1.1882403,-1.0577791,1.1839483,-1.5843443,-1.6395977,-1.2638825,-1.1136415,0.6571952,-1.0575007,-1.1840944,-0.8921945,0.4637411,-1.149401,0.47889683,-0.027033692,0.6351742,0.6144126,0.9878752,0.49129388,-0.30188388,0.41377592,-0.80402607,-0.394771,1.3419869,-0.19117033,-1.0521249,-1.7231575,-1.0500166,0.53889036,1.2445349,-1.3968996,-0.38926122,1.4316376,-0.04649184,0.66631895,-0.9457013,-0.52012104,1.6082721,-1.3730642,0.42434865,1.0021156,-0.5775865,0.534695,-1.2127383,0.82009286,1.0820965,1.5156658,-0.076983236,0.23485012,1.1486139,0.27186248,-0.5089817,-0.63623756,1.637371,-1.4056008,1.784737,-0.23197451,0.48670962,-0.8976906,1.4142568,1.7393334,1.6673174,-0.6307832,-0.21336679,-1.266678,-1.1586108,1.4630585,0.9869406,-1.0940362,0.6358158,0.7251729,-1.2936103,-1.2481724
266,-0.2161198,-0.2713873,0.0,1.0,-0.21008949,-1.1054307,0.58329684,1.0,0.0,0.10147622,0.5946291,1.6406864,-0.28209966,0.6750423,0.079951696,-0.89550096,-0.108941115,-1.1553562,0.7270508,0.18583873,-0.28145805,1.0396218,-0.051605973,-1.7316475,0.10662073,1.3588694,0.15394449,-1.3797661,1.586448,-0.24079654,0.6391761,1.3473074,-0.3433124,-1.4658366,1.3584565,-0.9277163,0.583634,-1.0348587,1.6932857,-1.4983371,0.642773,-1.0582461,-0.039377686,-1.6607865,1.1712463,-0.75850266,-0.23903286,-0.2955927,1.3726156,-1.2022748,1.3580528,0.69538593,0.90349114,-0.4639528,-0.21522216,0.020186171,-0.3014302,-0.7348043,-0.057965327,0.37481472,-0.013974337,0.15470073,-1.1341777,0.640218,1.6846981,0.5516945,1.4314436,0.553884,-0.40411514,-1.2424552,-0.32792398,0.36346963,1.6063174,-1.3604246,0.9353711,-0.8768254,1.3481003,1.470682,0.726794,1.5437101,-0.60332495,1.18836,-0.82436836,0.2007429,-0.5415808,-1.4541216,0.10632923,-1.1265516,1.3773476,0.98868793,-0.28498098,-0.51956046,-0.60577303,-1.1663326,0.07616635,-1.6791645,-0.23159857,1.1662258,0.7874558,-1.4294784,-1.4509373,-0.42963174
267,1.1381004,1.0702543,1.0,1.0,0.9516238,0.3993505,0.929683,0.0,1.0,-1.1169196,-1.5598694,0.42609158,-1.0259213,0.3968811,-0.5327067,-0.7923002,-0.36271486,0.6684941,-1.4904581,-0.24897943,-1.5525411,-0.8658056,-0.9345964,-0.15455072,-0.7841512,1.4826926,1.4636611,1.3560976,0.18852851,-0.6061888,-1.642493,-1.4565017,0.9693164,-1.0370635,0.85375386,0.41810468,-0.5614078,0.0002310716,-0.4518137,-1.389841,1.2785661,0.9408532,0.44997373,-1.7296766,1.3284509,-0.8650486,-1.1123315,-1.4530691,0.22610827,-0.29422387,0.9261063,1.1677996,-1.7628388,-1.0267932,1.5718842,1.0879837,0.3351388,-0.05540591,1.4666274,-0.07497686,1.6219721,-0.56952524,-0.8932641,0.25767416,0.45602116,-1.0199178,-0.9185835,1.586371,0.6166436,0.7605177,-1.5710554,-1.3482462,0.65980965,-1.4333855,-1.1117852,-0.39095852,-0.70036405,1.0197377,0.13777934,-0.8632557,1.3416151,-1.3962879,-0.9227796,1.3453959,1.199805,0.73251486,0.76233006,-0.10880517,0.7668994,1.702358,0.43076032,0.98330295,-0.8109473,0.06599509,-0.22909145,1.3901187,-0.372025,1.7460592,-0.41451216,1.5418024,-0.86825025,-0.8457452
268,0.18596452,-0.39301017,1.0,0.0,-0.1640401,-0.6221982,0.08977126,1.0,1.0,0.9889729,0.4167906,-0.3779174,1.4969988,0.69641274,-1.5624384,1.1236744,1.3741021,-0.007175302,0.5541669,0.85555214,1.6732005,-0.19762284,-1.6189191,-0.7469779,-0.0064811553,-1.13976,-0.5100246,1.5197823,-1.3747164,1.2645571,-0.9222886,-1.6005595,-1.1482266,0.8805968,-0.34301215,0.51560634,-0.9222104,1.1835275,0.16911231,1.8146785,1.1828337,0.7820408,0.18058088,-1.268356,1.6273799,-1.3905795,1.6410888,0.99272925,0.16973068,-1.6093494,-1.0501554,-0.48531914,1.5694002,-1.3001416,-1.2780926,1.2381157,-0.5007219,-0.7903416,-1.3523768,1.4374977,0.14398663,-1.0397232,-1.3668703,-1.4986196,-0.7364155,-1.4757243,-0.2857869,-0.97690296,-0.08470004,1.6929181,-0.1792659,0.90265894,-0.016196558,0.76331216,-1.5637141,-1.4308385,-0.25672027,-0.72629815,-0.0670287,-0.45386198,-0.4148517,1.2323791,-0.4579935,-1.7772299,-0.052924734,-0.08590419,0.5633378,0.79740953,-1.1096209,0.011519008,0.80897886,-1.0957364,1.0450703,-1.660643,0.52018917,1.3901423,0.5013354,0.51427954,0.7129104,1.0242764,-0.34789038,-1.5115937
269,0.17231101,0.050275613,1.0,0.0,0.016814882,1.5046563,-0.55467004,1.0,1.0,-0.98591423,0.9940022,0.013157284,-0.9325634,1.0494593,-0.13270928,-1.7035283,0.043619316,-0.5979541,-0.004162844,-0.0024062719,-0.9472459,-0.42374212,1.4182795,-0.9105465,1.377978,-1.0984372,1.2430981,-1.2138885,-0.63556075,0.27263078,-0.6743456,-0.5550557,-0.5647347,1.161094,0.03953557,-0.2232227,-0.52501506,1.3209497,-0.64405733,-0.7859256,-0.3505443,-1.5086701,-1.5189472,0.5881784,0.25489965,-1.6180851,1.6506398,-0.18087456,-1.3814732,-0.74123794,-0.24372078,-1.0300387,-1.571199,-1.6045026,-0.59236306,-0.5317014,-0.3440204,0.94145936,1.4294407,0.47361922,-0.45898482,0.11940748,-0.4125247,1.2862579,0.6602794,-0.8929812,0.98892415,-1.6711794,-0.33017334,-1.194287,-1.1606789,0.31694,-1.4303811,0.6088907,0.17808501,-0.31342828,0.9055,0.62048143,-1.5420499,0.042988036,0.6289898,-0.024445295,1.0398434,-1.4305338,1.3217639,-1.1353709,1.7005819,-0.7213565,0.7407535,-0.98678595,0.9993034,0.81559163,1.4374473,0.5106469,0.8160002,1.0089004,1.3969651,1.2128494,0.4639179,0.048382834,1.6310217,1.314415
270,-1.3991098,-1.2339267,0.0,1.0,1.4202571,-1.6251335,-1.5805165,0.0,1.0,1.4528066,-0.51132566,1.4263799,-0.6148985,0.95302916,-0.03529136,1.0297674,0.85016537,-1.2568659,-1.7940247,-1.024037,-1.5134718,1.3486838,0.718451,1.6077982,-0.35917065,-1.2409928,-1.2288805,-1.6680009,-0.9807815,1.535749,-0.8312666,-0.24448031,0.92533535,-1.3899081,-0.61471194,0.880619,0.2491581,-1.6178565,0.9309264,1.472931,0.7444705,-0.4840695,1.0393505,-1.3522878,0.3491696,-0.8432186,-0.62278366,-1.4737175,0.25586691,-0.8300483,-1.5055938,-0.30373228,-0.048515163,1.1461025,1.6290085,-0.43454313,-1.067353,-0.62447035,-1.3963319,0.8606969,1.184366,1.4411942,-0.3848928,-0.062491614,-1.2940648,-0.7534159,1.7086723,0.79054666,-0.44883478,-1.5244776,0.57396,-1.690006,0.7100464,1.1306908,1.0909748,-0.8833222,-1.0184549,1.2812195,-1.1784624,-1.3806461,1.3480914,-0.023267716,1.3324574,-1.1478559,0.06087926,0.94344896,0.7063518,0.014069638,0.9938762,-1.5097955,0.92470056,-0.657878,-1.743867,-1.3980201,0.46799487,-0.31328773,1.0224917,-0.9215882,-0.55053455,0.30126587,-1.1213909,1.4276297
271,0.09261438,-0.18378605,0.0,0.0,-1.8009471,0.31116834,0.95900273,1.0,0.0,0.7355441,0.7449924,1.1467106,1.4243332,-0.80108106,1.1877278,0.0058549335,0.044966508,-1.196732,1.0259416,-0.05003766,-1.1909263,-0.42389318,0.24923284,-1.2334704,1.6777627,-0.046244267,1.4706138,-0.8765094,0.5610439,-0.14827836,-1.5402766,-1.1399976,-1.1159227,-0.66576654,0.7375581,0.14076404,-0.94451356,-1.5284121,-0.16163993,-0.2648932,-0.4039811,1.5972822,-1.016946,-0.3728044,0.0303746,0.27317756,-0.2293344,0.78848726,0.08390831,0.94655395,-1.2930235,-0.37086508,1.3248318,0.080276445,0.88668,1.1853031,-0.19449496,0.6949634,1.1183807,-0.7847575,1.6592953,-0.15587494,0.5638393,-1.0028499,-0.2730932,-1.6444554,0.35941544,-1.3630042,-0.4766983,0.3944944,0.8257527,0.019108845,-0.9263628,-1.2707309,-1.5725379,-0.835146,1.61572,0.9809385,0.699741,-0.9575381,0.43491745,-0.77628833,-0.27935874,1.4189366,-1.1653967,-0.69925284,1.6066139,-1.4147396,-1.490876,-0.0037347586,0.7994907,0.70334333,0.11987116,-0.5583411,0.99031806,0.28841928,1.6736512,1.4087772,-0.8823226,-0.43024498,-1.2629797,1.2600754
272,-0.4551101,-0.15746415,0.0,1.0,1.5821584,0.98393786,-1.1204085,0.0,0.0,-0.3782672,1.4932021,-1.65825,0.5864047,-0.8467553,-0.807911,1.0111506,0.99991703,-0.24478708,1.2829185,-0.85940075,0.34087655,1.3689195,-0.829414,-0.6081659,1.6882784,-1.4288406,0.081114314,1.0062816,-1.5009649,-0.9689781,-0.2664582,1.4860288,-0.21724589,0.32231274,0.43667734,1.1655107,-0.947427,1.3636799,0.23166166,-1.1460009,0.742129,0.21196432,-1.5586243,-0.9667014,0.89170784,-0.5820567,0.6099778,-1.5600541,1.386393,-0.07212601,1.672386,0.95166534,-1.4484521,0.16105677,1.2028581,1.7350123,-0.9129861,-1.0449412,0.0828395,1.4936943,-0.39730036,-0.2938037,1.2506218,-1.3447847,0.29028308,0.6520473,0.4995177,-0.46366054,-1.3115472,1.4538051,-1.6992102,-0.2711245,1.3919383,1.0522592,0.26423627,-1.2568907,0.7828023,-1.6214358,1.6249099,-1.6357132,1.4367914,-1.624533,-0.92430454,-0.029884987,0.92660654,0.1061974,0.094460554,0.9896352,-1.0193766,-0.103735454,-1.090215,-0.5123741,-0.123993896,0.06962039,-0.1999784,-0.9330934,-1.3870109,1.5973852,-1.2724773,1.6586432,-1.1774668,-0.44527933
273,0.66228807,0.7163781,0.0,1.0,-0.12715463,0.8731542,1.1582079,1.0,1.0,-1.161151,-1.749554,-0.4586829,-0.72567976,-0.2633543,0.5927498,0.33912343,0.6944374,-0.027099567,-0.2786912,0.09516751,1.3148317,0.6160178,-1.1510949,-0.007095472,-1.1462463,-0.5407964,0.45175803,1.6386862,-1.0590814,0.8063665,-0.40585715,0.8184661,0.9768178,1.53057,1.6013376,0.44887564,1.4460146,0.047950465,-0.5909645,1.329592,-0.50421,-0.025387293,-0.25571513,0.8107008,-1.1999177,-0.03327032,0.2648231,1.6285342,-0.21288562,-0.28297892,0.05919652,-0.046620972,-0.6861166,1.0714728,-1.5436909,1.309017,-1.4506414,0.8167113,-0.44435507,0.0072189122,0.90983295,-0.32076254,-0.58325166,-0.63311994,-1.7221634,-1.1292614,0.52178556,0.7993704,-0.8751259,0.9093206,1.150395,-1.5572506,0.9119487,0.7581319,-0.10033149,-1.407013,1.1808188,-0.088212885,-1.3242087,-0.91034985,0.2615161,0.069706276,0.7791674,-0.083715975,-0.07826191,-1.5475286,-0.9557284,-1.7341939,-0.57401294,1.4202876,-1.374449,-0.45486844,-1.5534958,1.0639306,-1.5230579,-1.4358857,-0.09460832,0.49246812,-1.2195779,1.2188104,0.10765784,1.6645886
274,0.85327715,1.6340101,0.0,1.0,-0.0056578037,1.4748237,1.1895026,0.0,0.0,-1.0613618,-1.4203191,1.1452698,-1.417778,-1.7660844,0.8377965,-1.1865776,-0.03354654,-1.5078849,-0.41747603,-1.3931566,0.43923485,-1.3576396,-1.6326371,0.5705006,0.73739785,1.3447231,-0.522939,-1.0546669,-1.2598201,1.4080521,1.0056876,1.3613526,-0.122365035,-0.10489305,0.18223765,-1.3077751,1.0561249,-0.26840928,-1.7563933,-0.23308417,0.721674,-0.406159,-1.3543044,0.6120632,0.17742169,-0.7122692,-1.3558235,-1.6162643,-0.22476622,0.78661364,0.695121,0.9349837,-1.2166892,-1.3854547,-0.26955068,1.5087776,-0.35170302,-0.7042718,-0.4293685,-0.25799984,1.4973325,1.3208485,-1.2691989,-0.7621248,0.39373124,0.72642094,-0.5979843,0.86328423,-0.11700582,0.8514696,-1.5248705,0.2464819,0.66706425,-1.1171982,-1.5183871,-0.6548388,0.65128696,0.77736187,-0.7539454,1.4017484,0.43330845,0.6636184,1.6747292,-1.6074839,-0.83179843,1.1121436,-0.7969166,-0.40680653,-1.4254355,-0.5866624,0.9896247,-0.8475458,1.2202667,-0.8265912,0.44721115,1.5918977,-0.28562608,-1.4415902,1.4316725,-0.5812831,-1.2293204,-0.4625601
275,1.4568938,1.8112278,1.0,0.0,0.24962723,0.39529023,1.2468966,1.0,1.0,1.7150826,-0.4832186,1.1196219,0.8253044,0.5758681,0.53112966,-1.0067198,0.31631467,-0.012375496,-1.7320951,-1.0351217,0.9323412,-1.5490072,1.0979875,-0.38221428,0.07201123,-0.15168093,-0.57987136,-0.9018488,-1.1023206,0.33751622,0.25039357,-0.49430582,0.9271894,-1.3188654,1.6170003,-0.4664746,-1.7217245,-1.0913066,-0.22709322,-1.670905,0.22050373,0.85594285,-1.4046068,1.5391443,-0.13765344,-1.177715,-1.1150795,0.39017048,-0.11713623,1.0804213,1.2973499,0.21258083,-0.91161937,-0.63406533,0.46202654,0.8415832,1.6027422,-1.3390574,1.391444,0.6637058,-1.3013526,0.5043093,-0.6197562,-0.66851306,0.8498112,-1.398536,-1.2113985,0.2912296,-0.8207244,-0.2988944,-0.32097098,-0.6097392,-1.2257485,-0.46168968,-0.42937452,0.20603035,-0.011670531,-0.22916372,-0.20504808,1.4866006,-0.94338095,0.0162937,0.80115956,-1.3143706,-0.59519845,-0.99580264,-1.4504464,-1.2055675,-1.5367422,-0.22520539,-0.37400883,-0.29312485,0.60066974,0.80779785,-0.32863328,-0.6809225,-1.2647966,0.90492094,-1.1129835,-0.8573845,-0.008188304,-0.90385914
276,1.1622177,1.3717649,0.0,0.0,0.63238347,-1.4644544,1.58791,1.0,0.0,-1.6225497,0.53551865,0.12386978,-0.36255234,1.5023295,-1.2528646,-0.98632354,0.47551024,-0.6508422,0.6415919,-0.95960236,0.28764704,-0.5843589,0.27396822,-0.118226275,-0.8724545,1.5883018,-0.91873,-1.1355445,-0.7522402,1.0731838,1.8643813,-0.31931135,-1.1302073,1.080105,-0.5093549,-0.26525936,-0.52870053,-1.3522694,-1.6211122,1.6014619,0.7293744,-1.2103754,-0.034458842,-1.2260576,0.268998,1.3872759,1.2300946,0.18491994,-0.54918605,-1.4884409,0.5758782,0.027724314,-1.6542834,-1.7446187,0.61093926,0.81836236,-0.3648968,1.412212,-0.9760307,-1.5172912,-0.25206727,-0.9558396,0.7627331,-1.8048301,0.9316336,1.4625928,-1.0325379,-0.77412975,1.1596785,1.7456701,-0.3087855,1.4816866,0.79983395,-0.040067855,-1.5763706,-0.53250337,0.03899228,0.5682528,1.1916066,1.3976583,-0.76779175,1.4612212,0.2982186,0.671983,0.37311867,0.12842223,0.5455959,-1.5607442,-0.61833984,0.34977865,0.062197465,1.6844264,0.95530665,-0.7411546,-1.6001024,-0.85449284,-0.7122079,-0.4234013,0.44856185,0.23630379,0.040921316,-1.2633061
277,1.7527767,1.8233206,0.0,1.0,1.6067626,1.4094234,1.567003,1.0,0.0,-0.26569256,1.5247982,-1.5184226,-1.3349496,-1.599582,-0.80902356,-0.03882113,0.71308446,-0.49795505,-0.19811463,1.2337162,-0.9682238,1.3012403,-0.40513167,-0.8786007,-0.72779393,1.6089811,-0.8599706,-0.6654486,-0.15559246,-0.22563744,-1.0673473,0.24035512,1.1657888,-1.5846555,0.58703756,0.5324245,0.51972777,-0.36532846,1.1847565,-1.2942852,0.2597367,0.57276696,0.7402679,-1.6483938,-1.048046,-1.1702789,-1.5029775,-0.47182474,-0.5294227,-1.4168171,1.669056,1.806463,1.1372114,-1.1538082,0.077707045,1.4572049,1.6251726,1.1988665,0.984249,-1.4772426,-0.7893547,-0.11928304,-1.1733524,1.2584398,-1.2704562,0.36155492,1.2488464,0.47077417,-1.0752374,0.45475593,1.1293994,0.42566577,-1.2603717,1.3276975,0.13655242,-0.7669808,1.6446209,-1.0907795,0.0685661,-1.648437,-1.241723,0.78458214,-0.7756034,0.7752776,-0.8276791,-0.32762176,-1.0270697,-1.279255,0.7605978,-1.4186999,-1.3830152,0.7937224,-1.2336255,1.3926481,-0.47310948,-1.1456118,-0.70138794,-0.7925803,-0.95615506,1.662154,-0.59094983,0.9749247
278,1.0876096,0.920645,1.0,0.0,-0.8594537,1.5701472,1.0178814,0.0,0.0,0.21488357,-0.4026644,0.026299475,0.9730039,-0.09433123,-0.85260046,0.48810247,-1.391572,0.56633013,0.5505936,-1.2079533,-0.84945095,0.8566808,0.08939788,1.4630331,0.9250489,-0.7435347,0.9847181,0.32731336,1.1972392,-0.14275153,-1.084953,-0.3222673,0.63491124,1.3854971,1.6588963,1.1564609,1.3380446,0.4426955,0.41941857,1.4619879,-0.118687,1.0102707,1.4014739,0.6752879,0.8815234,-0.7986606,1.4987328,1.4624046,-0.106715634,1.6880916,-1.4929671,0.34936622,1.1042902,-0.5137888,-0.9652603,-1.258253,-0.12999377,-0.282745,-1.473033,-0.2041989,0.06868832,1.4984201,-0.07019732,0.70505583,-0.9591417,-0.026521688,-0.5256798,-0.97068113,-0.2992551,-0.008955761,0.20944469,-1.701173,-1.4914405,-0.8611817,-1.1693131,-1.6300972,-0.8624209,-1.00246,-1.6075824,-1.0661283,-0.7256845,-1.0011998,0.7960424,-1.6993238,0.17349316,-0.87169635,-1.2580688,-1.5304762,-0.12100227,-1.2100499,-1.3935851,-1.5768683,1.0569233,0.250624,1.1387053,1.1593846,-0.43238226,-1.3515451,-1.0427467,0.43043852,-0.9636789,0.69285154
279,0.3192133,0.7477109,1.0,1.0,-1.1524167,0.7751477,0.81463444,1.0,0.0,-0.5671408,1.7454587,-0.46259564,-0.31081045,-0.15110235,-0.9246985,1.5797524,1.7080848,0.15170301,-0.8658535,1.3104361,1.1571422,1.2405674,1.487579,0.7358549,0.541571,-0.19947577,1.1665771,0.18672754,-0.0726626,0.21719375,-0.45345244,-0.79805017,-1.0293566,-1.6317763,-0.8272544,0.50384426,0.4405866,-0.42420268,-0.8468846,-1.5224468,1.3986926,-0.09542158,1.3169867,-0.5332899,1.0169446,-0.34799692,0.23863833,1.2915503,-0.3263876,-0.2726721,-0.49736995,-0.48891154,1.5897564,1.2634828,-0.20746078,0.6640318,0.7021025,0.49137768,-1.1603682,-1.5363034,0.5749363,1.3604529,-0.8401148,-0.9933569,0.29537672,1.2534378,0.06298635,0.73933923,1.1436286,0.65291834,0.40104645,1.3155919,1.0995659,-0.8165005,0.8497593,-0.19630425,1.4471622,0.7923089,1.2896105,-0.015105785,1.0157247,1.3663033,-1.2837734,0.95330256,1.4464614,0.90511996,-0.7762802,-1.1048118,0.56625086,-1.3178647,-0.6133572,0.35614112,-0.85239637,-0.37479523,-1.7545156,0.37408975,-0.032741737,-0.6422942,0.6736393,-0.0074368617,1.5188003,1.4518762
280,-0.4457007,-0.69460475,1.0,1.0,-0.58151925,1.1899463,-0.54024607,0.0,1.0,-0.3137969,0.33862522,1.6099212,-0.66718876,-0.96272504,-0.110748716,-0.54760605,-1.1702263,-1.4392084,1.5482286,0.6146514,0.7313567,0.54903466,1.3439682,-1.6824169,0.8363281,1.4251193,0.8421105,0.79520243,-0.34727848,0.9824011,-1.5343095,-0.9938539,-0.8647139,0.4958943,-0.77061296,0.59517425,-0.35166007,-0.7475485,-0.65515244,0.803921,-0.9214891,0.037567735,-1.2804258,-0.68285424,-0.97053653,-1.0795845,0.24264647,-1.4818121,-0.71228075,1.1788534,1.5819106,1.2173365,0.5671753,-0.0950981,1.2009484,1.0526537,0.1553111,1.2076099,-1.7071216,-0.43625227,-1.0738251,0.21592352,-1.314692,0.16660929,-1.0721227,0.41100848,-0.81714475,0.93824214,1.2321587,0.49465454,1.3026049,-0.9667817,-1.4331057,-0.31430274,-1.6227027,0.085408546,-1.019432,1.0532564,-0.14981824,-0.18947016,-1.6147044,1.6387343,-1.2436428,-0.5535687,1.8111893,0.83500344,-0.6582259,-1.0934252,-0.10356211,-1.5151641,0.28902188,-0.7331281,1.1725842,0.06039096,-0.6615715,-1.4013829,-0.27650598,-0.5021414,-0.393609,0.70435107,-0.77062553,-0.94396585
281,1.4259803,1.7618086,1.0,1.0,1.5413082,1.3803033,0.7607149,1.0,0.0,-0.769411,1.6679252,-1.4951876,0.6136707,0.095515184,-0.8567404,0.51618797,1.3308219,1.133392,-0.5221769,-0.6490752,-1.6865584,0.90829945,-0.08865239,0.4258872,0.0018755811,0.33120885,-0.3267087,0.023458708,-0.29325116,0.37376943,0.16763166,-1.1891897,-1.1816561,1.1016978,-1.4421054,1.0106335,0.47925735,-0.13527778,-0.4026881,-0.8663319,-1.6847342,-1.2526307,0.5376869,0.41031197,0.16702498,1.3985991,0.7572501,-0.49347493,1.4292676,0.12366075,1.6141405,-1.5542157,1.1923118,-0.89005464,0.6057534,0.10059442,1.0080838,-0.7192026,-0.35085708,-0.3868822,-1.2268848,-0.9792761,-1.6174958,-1.6768044,1.0624367,-0.39105648,1.262608,0.31327152,0.69315857,0.80436295,-1.6740004,-1.7047223,0.93170696,1.670893,-0.89302105,1.1106278,-1.1723489,-0.51531494,0.02087138,-1.1293026,-0.7923169,-0.022447178,-1.2935407,-0.7866551,-0.68378407,0.3241334,-1.1467948,-0.06833094,-1.4900812,0.716591,1.5390679,1.3260757,1.280064,-1.275316,-0.09416928,-1.5027367,-1.4270827,1.4583474,1.433746,-1.1628778,0.7134998,1.7606106
282,-0.6218369,-0.6374124,0.0,0.0,1.4871274,0.049420234,-1.4792444,0.0,1.0,0.7633411,0.7860903,1.1536967,1.5270555,0.10276711,-1.0799726,-0.17359328,0.0853602,0.55057234,-1.0293797,0.671189,1.7064563,1.1233752,0.94764054,1.5436488,1.0758764,-0.52640074,1.5822734,0.4655947,1.074008,0.88168955,1.0986179,1.2110426,-0.8900371,0.4931112,0.67389834,1.4213372,1.2488823,-1.3569633,-1.4189641,1.3866228,1.3467185,1.1126314,0.96921605,1.6666428,0.64178926,0.15431711,-1.2363298,-1.1020833,1.5414109,-0.59968704,0.24365099,-1.4376868,-0.70787776,0.3021657,-0.93667513,-0.6712941,0.13053708,-0.601686,-0.91267085,-0.5633865,-0.29584482,0.5273339,0.7851149,-0.7853557,-0.21005295,-1.2710491,-0.7018441,-0.16933182,-0.06484327,1.5569822,0.8409697,1.3951648,-0.91872597,-0.76065993,-0.7788565,-0.0465793,-0.35230255,-1.1850246,-1.1889426,0.783329,-1.6687349,1.3066074,0.92585,1.2142148,-0.9601525,-1.3048401,-1.7103784,-1.4779094,-0.2835602,-1.1013255,1.4258292,0.48955852,1.1675371,0.6820805,0.76886797,1.4160662,-1.102751,-0.6755153,-1.4764388,0.059561405,-1.2119534,-0.9734627
283,-0.26333392,-0.1877873,1.0,1.0,-0.5316447,-0.8713383,0.19007237,1.0,0.0,-0.9528291,0.39004365,1.1918287,0.964815,-0.36341637,1.5489316,1.2676659,0.15450315,-0.66036135,-1.2045134,0.9845582,-1.7341392,1.3413144,0.74008954,1.4302977,1.126507,0.1844984,-1.008883,-0.47101063,-0.036003087,-0.0075205257,0.5638848,1.0451833,-0.31859127,0.77706367,-0.70506513,-0.2621645,-0.93370813,0.54197145,1.6200763,-0.57985306,1.3509485,0.6472193,-0.1931116,0.8934876,-0.74972135,0.81740415,1.3494085,0.8067944,-1.306637,1.1365737,0.12165548,-1.441273,0.548206,0.19261192,-1.7252973,0.37718156,1.297999,1.573904,-1.6040975,-0.15338187,-0.35626924,-1.1932995,-1.4618132,-1.3453989,0.72769374,-0.63004255,0.1688095,-0.50297785,0.7738886,1.3193132,-0.060084146,0.72485876,0.99045324,-1.4959048,-1.3806374,-1.5389112,0.4472172,0.3457028,-0.4976758,-1.2819489,0.46071863,0.64734024,-0.17706245,-1.4781607,1.4285355,-0.7679221,-1.2347871,0.5266845,0.67326933,-0.04855475,-0.9310901,-0.66424906,-0.20973723,-0.2831445,1.5913602,-0.48487148,0.5595776,0.66590655,0.282664,-0.9884393,-1.377002,-1.6205885
284,0.8019175,1.6994842,1.0,1.0,0.58908767,-0.89200294,1.0056702,0.0,0.0,-0.5562946,-1.4927948,-1.2626408,-0.27881354,1.1374688,0.7477503,-0.9240443,-0.25208935,1.4967933,1.4928304,0.8363733,-1.1557798,1.5088525,-1.3755288,-1.3623755,1.3798331,1.0664295,1.3991321,0.20128775,-0.57564336,0.87077445,0.11857517,-1.593787,0.84780437,-0.80342287,-0.16537248,-1.2917957,0.5520514,-0.22255868,-1.0888252,-1.6703789,0.21512635,-0.05718738,-0.8759216,-0.9522016,-0.7294134,-1.407513,1.2712375,0.4271112,1.5621946,-1.6855823,0.41726035,0.13906717,0.79047394,-0.77647346,0.80160874,1.2928333,-1.3161668,-0.13582976,1.5196146,1.6323082,0.16221336,1.7925768,-0.1948608,-1.4512147,-1.6702081,-0.4640363,0.41637477,0.0020123732,-0.27479154,-0.35427287,1.6615571,1.6030152,-1.6836808,-0.90218943,1.0284042,-1.2350878,-0.82302344,-0.8260937,0.2441171,0.27956867,0.09221199,1.7139088,-0.59074134,-0.5159552,-1.0711867,0.4588999,1.5877329,-0.7300628,-0.58983296,0.97266495,-1.2141085,-1.6835295,-1.5118102,0.51623046,-1.6753317,-0.517736,-0.42727932,0.7797312,-0.090064645,-0.48564273,0.27732927,1.0887268
285,-0.72811383,-0.39740324,0.0,0.0,-1.7656071,0.6448559,-0.18628669,1.0,1.0,1.5441493,0.46388757,-0.5316841,1.2303636,0.74535197,0.5683287,-1.615902,0.15495329,0.8805531,1.1936524,-1.0152706,-0.6273816,-0.76648194,0.29593852,-1.530458,0.20747529,1.5798018,1.3294613,1.2513354,-1.3744944,-1.2628816,-0.10506395,0.11745864,0.55297506,0.72011244,0.87449455,-1.6702224,0.8185411,0.9339688,1.0865282,-1.2043457,-1.6824124,-1.4357039,0.37076306,0.30522418,-0.05797025,1.2390785,-0.06657711,0.6903436,-1.29437,0.19297501,1.1390454,0.35862735,0.15390402,0.4212389,-0.770083,0.4601486,0.24132803,0.31036836,0.7318798,-1.6469601,1.0256388,1.6317433,-1.0151414,-0.17878714,0.19657059,-1.1487986,-0.33361155,0.9103055,-0.73927206,-1.09612,0.3981542,-0.25270492,0.38737673,-1.3693527,-1.6345977,-1.6246597,0.061855484,0.009393108,-1.5775189,1.0896658,0.19040453,0.23572801,-0.903052,0.0867442,-0.33187512,0.24466224,-0.6522893,-1.0764058,-1.4639424,0.8407547,-1.1634929,0.9224461,-0.090150364,0.4246928,-0.99451935,0.49258,0.81085384,0.8158753,-0.8255095,1.2980121,0.20611179,0.027607502
286,-1.6030537,-1.2582031,1.0,1.0,-0.57834196,-0.60548455,-1.5580692,1.0,0.0,-1.4113561,-1.0401827,1.0605516,1.5627126,0.8677866,-0.8614979,-1.3148948,-0.74161977,0.72736037,-1.728885,0.86753446,-1.1225821,0.5572263,-1.4508871,-0.8614552,-1.3131211,1.0125991,0.65355194,-1.568133,0.5655838,0.4516081,-1.7249365,-1.0537112,0.35658664,0.700604,1.3095602,-0.51752806,-1.605285,1.0191643,-1.3561369,-0.73193574,-1.3965882,-1.5796622,0.6431307,-0.16377144,-1.545761,-0.7122473,-0.24341221,1.5748577,0.85520357,0.9523661,-1.3436798,-0.65277743,-0.51820815,0.5195388,-0.5747709,-1.1488203,-1.2891972,0.48348776,-0.09128818,1.327475,-1.1542248,0.6552006,-1.0402759,-1.121867,1.2386352,1.6788245,0.58910894,1.2777435,-1.6704922,1.217773,0.75087553,1.4179025,-1.6814132,-1.206024,-1.413528,0.020241503,0.17174926,-0.9200125,-1.4229113,1.0855906,0.30012548,0.13902654,1.6204226,1.6246282,-0.13498595,-1.0296215,-0.8176623,0.6121132,-1.502777,-0.12483616,-1.659563,1.1349108,0.08290674,-1.5172949,0.6398503,-1.0847889,-0.8146573,-1.4762634,-0.46268198,-1.5207692,-0.14181125,0.61818033
287,-1.5149443,-1.6882135,0.0,1.0,-0.64200354,0.6623283,-1.306664,1.0,1.0,-0.74171305,0.9844738,-1.114043,-0.00847846,0.19610697,-0.9360356,0.5471453,1.1457403,0.146045,1.2599254,-0.4966806,-1.5278915,-0.17379674,-1.4335238,-1.665872,0.45477927,1.7230537,-1.4427524,-1.6584684,-1.3624288,0.46810278,1.284491,0.42874467,1.474478,1.1250069,0.5374137,-1.2697959,0.4267904,0.38689458,0.97376835,1.0116787,-0.92681384,-0.46629617,0.74853057,-0.2968498,-1.2634387,-0.8373632,-0.60989046,1.5590235,0.090091944,-0.18970676,1.7513489,-1.1507707,-0.10584037,0.5429101,-1.2762065,-0.58865446,0.0635373,-0.86923164,-0.60845035,0.84567916,-0.8165948,-0.99080765,-1.0854294,1.1955943,0.18066749,0.6689472,-1.2693936,-0.47115088,-0.8169495,-0.6687158,-1.4522955,-1.667503,-1.4437515,1.1130406,0.84601,-0.41780758,0.27926943,1.5560421,-0.70735794,-1.2889994,-0.037622802,0.064386316,0.46044028,0.3436245,-1.3766505,-1.1863754,0.02104125,0.76025057,-1.2657038,-0.48815787,0.13032041,-1.4685466,-0.4797447,-0.21833377,1.2432754,1.6552727,-0.33771405,1.1632242,-0.8723844,-0.33529612,-0.9346527,1.3573325
288,-0.839975,-0.82706606,1.0,0.0,0.099857524,-0.38050213,-1.404066,0.0,0.0,-0.3783835,0.73174185,1.1540581,-1.002224,1.3589625,-0.012362983,-1.0717493,-1.3589165,0.76768106,-0.7423381,-0.44713438,1.5434501,0.08971789,-1.6769137,-1.3021095,-1.0136746,-0.7955974,0.024824418,-1.2309332,-0.90911525,-0.42775223,-0.3980359,-0.074631676,-0.42052215,0.15648168,0.8347039,-0.6439643,1.0632033,-0.38403213,-1.2076607,0.77028024,-0.8045398,-0.033362802,1.2325052,0.3623301,1.5456545,1.1414417,-0.31768376,-1.5571691,-0.1748723,-0.49737835,1.5963628,-1.2798791,-0.77094793,1.4893442,0.24307986,1.2682533,-0.0156230135,-1.5070373,1.4925071,0.26856905,1.0494251,0.08675562,1.0060205,0.8914508,-0.511052,-0.67477673,-0.81589866,1.2080934,1.0915439,-0.2611272,0.19342035,1.5870296,0.6453649,-1.3868525,-0.15146743,1.1082597,1.2230592,1.6542423,-0.3093509,0.47096515,-0.5307097,0.21136421,1.3822211,1.5394584,1.1374147,0.14795168,-0.8699119,0.4293353,-0.39421555,0.7345499,1.7108371,-1.4417534,-1.3885902,-0.1360801,-1.0763143,-1.5781617,1.3555472,-1.5615556,0.45673862,0.5711073,-0.82626987,1.621029
289,0.74210894,0.83307177,1.0,1.0,1.6945944,-0.10450222,0.19327173,0.0,1.0,-0.8103018,-1.4561272,1.0309387,-1.6436088,-0.451329,-0.14663467,-0.9286229,-1.0390061,-1.1092696,1.2565036,-1.6942186,-1.2797613,-1.2192309,-0.30372065,-0.66365004,-1.2651302,-0.65234673,-0.4082823,-0.31390557,-0.48323143,-0.8292699,1.8429848,0.9062929,-1.4319884,-1.6231447,-0.8464765,1.2067286,-1.6981964,-1.4707725,-0.8670458,1.1953374,0.25783172,0.35739315,1.2728138,0.76247734,-0.86420935,1.5199789,-0.41113877,0.79465765,-1.7126737,-0.32234788,1.6869017,-1.1668425,0.6573257,-0.43789774,-1.4552429,-0.034762338,1.6074015,-1.0772616,0.4912021,0.33390215,-0.9795322,-0.15598196,0.37735933,-0.20174278,0.8002758,-1.339125,1.0579855,0.4626101,0.7051169,0.18350595,0.45171413,0.4260543,-1.7371947,1.6902674,0.8062181,0.5826396,-0.7477071,0.38038,-1.2028598,-0.4779362,0.08077074,-0.76240546,-0.31225425,0.18104565,1.3126553,0.636162,0.87916,-0.61680955,1.7727582,-1.4595426,-1.1168575,-1.1785384,1.3496262,-0.26929387,-1.211078,-0.8529085,1.5780048,0.2889692,-1.7249712,1.5975142,0.72147954,0.66589576
290,0.67970455,0.3551771,0.0,1.0,1.4294149,-0.590406,0.79580414,0.0,0.0,-0.49302062,-0.73630077,1.3861756,-0.5552192,0.6450527,0.6604376,-0.72094727,1.4439243,-1.7281842,0.96507704,-1.2598199,-1.1723588,1.5389867,1.3911428,-1.6922178,-0.4664328,0.60205173,0.50848985,0.23702486,-1.0978308,-1.2883476,0.7023807,1.1285508,0.32097927,1.0204735,0.18927814,-1.2194849,1.2849565,0.76233506,1.3659663,1.4036993,-1.2453471,0.95863533,0.97203505,-0.5304815,-0.8655014,-1.3499677,0.27696025,-1.1780124,-1.6251025,0.5612021,0.19182758,0.021259243,1.3432087,-1.1205518,-1.43875,1.1745032,-1.3775474,-1.4169117,-0.6207122,0.7206602,-0.99506193,-1.4623362,1.7205875,0.88624525,-0.28947112,1.181108,0.24673304,1.0051174,-0.5255763,0.5834303,-0.8394751,1.064585,1.2837296,-0.99707097,0.82275945,0.7338392,0.97919726,-0.7091488,0.6759911,1.0664303,-1.1779486,-1.1542147,0.4137116,1.5636935,-0.41051424,0.28799447,-1.242661,0.9261554,1.3605741,0.8107232,-0.38551062,1.1865568,-1.5575064,-1.675684,0.29496765,1.1588784,1.5925361,1.4821608,-0.40492365,-0.31507942,1.5600581,-0.116716065
291,-0.78154427,-1.2015702,0.0,0.0,1.3456041,-0.5964594,-1.4498336,1.0,1.0,0.4267574,-0.5440123,0.1055642,1.6754875,0.9145416,-1.5871631,0.68161744,-1.559238,-0.32228455,0.034694154,-0.9029941,-0.81754917,0.8195546,-1.1586075,1.3617682,1.3750087,1.4264417,1.1078607,-0.0039595733,0.3882111,1.2972591,-1.1920849,0.3501711,-1.5470557,1.5317063,-1.5958842,-0.37513226,0.5205151,0.20442097,-1.6808518,0.007277428,-0.20776352,0.08756248,-1.5790757,0.37250143,0.45395663,-0.22339724,-0.87369955,-0.66289073,0.085504085,0.20277432,0.2056566,0.24666625,0.8972982,-0.53056103,1.1943251,0.89260674,-0.36812192,0.869286,1.3030117,1.766446,-1.3129779,-0.5442509,-0.9325168,-0.3795003,-0.57005584,0.39562184,-0.20013845,1.2862444,-0.34250048,-0.9396961,-1.05096,0.36064678,0.20127292,-0.9491323,0.07317714,-1.4482303,-0.03543929,-0.09912125,-1.5205139,0.810081,-1.0157195,0.9679435,1.5910356,-0.34355554,-0.7844619,0.29016143,1.7392366,-1.4953266,0.09972278,-0.588541,0.13915357,0.34224144,1.4300002,0.4966567,0.59381026,-0.97457904,-0.63105285,-1.242308,-0.24035817,-0.7070491,1.6133503,1.0367529
292,0.30305612,0.41352478,1.0,0.0,-0.17205521,1.2674501,-0.23659852,1.0,1.0,-1.0917627,0.76190495,1.600273,1.6945062,0.84882224,-0.47448182,-0.7623285,-0.66855896,-1.1475294,-1.0823308,0.25919142,1.6578183,-1.522281,1.7232875,0.00646966,0.23169935,0.64386356,0.7568096,-0.24331515,-1.5736523,0.96295613,-1.7194521,-0.7767605,0.16412468,0.19214946,-0.9858139,-0.17782697,-0.610154,-0.19533716,1.6355928,-0.98473,0.6947607,-0.7077486,0.8168939,0.9912133,0.440499,1.1999286,0.62270474,1.2389424,-0.23972782,-1.0359076,0.27127534,0.09241961,0.3046821,0.75108755,-0.428759,1.0764586,0.32216173,0.03947506,-1.4977803,0.9386048,-0.60114187,-0.29335684,0.42738363,-0.7523348,-1.0993719,-1.0163871,1.7298079,-0.6185634,1.5557312,-0.4182611,-0.12687181,-0.8672191,1.4727098,-1.4346662,1.223669,0.8195466,1.5938767,0.19841519,-0.7850954,1.4496067,1.7782604,0.5094294,-1.4476691,-0.7682029,-0.89381576,-0.78266937,-0.2278019,-1.3968699,-0.37492424,-1.028924,1.0555983,-0.706796,1.6480246,1.6050906,-1.0191445,1.0914575,0.9878311,1.3139803,-0.42699456,-1.1625413,0.7714068,0.18692885
293,-0.574103,0.0017669059,1.0,1.0,0.91352344,-0.44554564,-1.0145892,1.0,0.0,1.4989743,1.6005783,0.0341336,-0.612998,1.5831994,0.23477061,-1.3487343,1.3289437,-0.55217904,0.47344562,0.13680162,0.26083007,-1.2837989,-1.0231526,-1.4232135,-0.48642638,0.13138656,-1.4938182,-1.0633097,-1.1752878,0.5540718,0.65322834,0.3767451,0.36655706,-1.1387379,-1.0562257,-0.023803499,0.12999766,-1.3170525,1.2630075,0.5633787,-1.5897524,0.85087466,-0.9485811,1.6157031,0.5048618,-0.07078054,-1.4199845,0.7054495,-1.3291844,1.4684645,-0.9602104,-0.57884634,-0.9004773,0.24382971,0.7646342,0.46161735,1.3464503,1.6067069,-1.7337345,1.6692854,-0.6883966,-0.25402722,1.2212503,0.30701903,-1.3124608,-0.4801135,-1.1196984,-0.010286507,0.2777133,-0.7826885,0.6957776,0.4139247,-0.056492988,-0.845171,-0.08160987,-1.7520658,-0.07902926,-0.4649002,-1.6875753,-1.3680813,-0.9388099,1.5535458,0.8926586,1.2043315,0.76605374,-1.4645183,1.0717112,-1.6308097,0.17499793,-1.5103976,-0.34265944,0.9447388,1.1547955,-0.20368186,0.69268584,0.00582492,0.42848748,-1.521894,0.9233264,-0.7144905,-0.89961493,-0.4468726
294,1.6896372,1.1683127,1.0,1.0,1.5366086,1.6111308,1.0396972,0.0,0.0,-0.644921,-0.6849873,-1.2125616,1.2520276,1.3210459,0.895317,1.2318562,0.762254,-0.92970026,-1.7134694,0.67921656,-0.30294007,1.4270433,0.28126594,-0.8945763,1.2546086,0.5016529,0.06677848,0.96110433,-1.4631785,-0.7998718,0.5580218,-0.013699718,0.5123715,1.2551613,0.57180554,0.29074782,0.68170035,-1.4816926,0.49537703,-0.94442725,1.4444486,-1.645714,0.6865264,1.431705,-1.2785541,-0.9903722,1.5326372,-1.6029652,0.755334,-1.3091372,1.4410381,-1.4657847,0.9086807,1.231329,1.1949136,1.1641086,0.6666147,-0.45153984,-0.9215019,0.0805455,1.6070168,-1.4807186,0.6600723,-0.76236236,-0.0135850655,0.97345966,0.97562045,1.4792947,1.2419844,0.5472648,0.73123556,0.46172133,-0.010336564,1.4058685,-1.1390268,-0.4184661,0.38130516,1.470783,0.41899183,-1.5893008,1.7207328,-1.4549029,-0.5718827,1.0581546,-0.113436006,-0.47600177,0.9590854,-0.6947314,-1.057787,-1.1944674,0.9346435,-1.2442664,1.0445278,0.3365611,-1.2760499,-1.552027,0.50189894,0.18245599,1.2262794,-1.3936812,-1.4114026,0.60873306
295,-0.41801327,-0.3549489,1.0,0.0,-1.0181822,0.4842905,-0.5440743,1.0,1.0,-0.30304188,-1.6835388,0.8862955,1.7390331,0.25364235,-1.5639935,-0.22075272,-0.3266618,0.8317588,0.75472337,0.84559935,-1.3733124,-1.6082602,1.0413356,1.4827421,0.4956441,1.7101487,-1.4245132,1.1450119,0.6620306,0.20610626,0.95009136,-1.4628336,1.6347703,-0.9442869,0.0106177,-0.91436404,-0.39099964,-1.7049227,1.5825385,-0.28006485,-0.39012364,1.0154439,1.5740033,1.0549122,1.3674008,0.7249904,1.49213,1.4127551,0.41759676,1.2667378,0.5331474,-1.4874083,0.5728043,-1.629785,-1.4720111,-1.6463356,-0.2850871,-1.6673104,1.2703468,0.47136652,-1.0588269,-0.54695904,1.576007,0.9203962,-0.16375047,-1.0121694,0.50304383,-0.7426355,-1.4356416,1.371845,0.5431962,0.61980927,-0.7935754,-0.7327755,1.6569736,-0.47836545,1.1622167,1.1309776,-1.2044381,-0.9005293,1.6271797,-0.69638133,0.8491203,0.79981893,-0.7989847,-1.5518557,0.38807335,1.7979081,-0.03303094,-0.17531356,-1.3040093,1.6858163,0.60283816,1.7090465,-0.35348246,-1.5225983,-0.9336433,-0.12519942,-0.47575462,1.0054507,0.44239086,0.6888151
296,1.7421874,1.4359361,1.0,0.0,1.2161478,1.5858057,0.83856565,0.0,0.0,0.5405961,0.122303315,0.7498623,-1.0455244,-1.1073636,-0.76578647,-1.1854737,1.5818341,-1.3905861,-0.079550624,0.3799286,-0.8234909,1.136614,0.4082573,0.56990594,0.09853344,1.1142329,-1.0473355,-1.2544038,0.6377159,-0.58838284,-1.2547119,-1.5931382,0.59566414,1.103814,-1.5040652,1.301177,0.0377166,-0.87764007,0.26944897,0.7505143,-0.17868878,1.1445892,0.016373739,-0.98420745,0.4975182,-0.6007632,-1.6321331,-1.6091812,1.0012699,-0.3701191,1.509658,-1.4486617,-0.7710866,1.2750075,0.3596012,0.41090676,-1.1635286,-1.2888867,-0.8005262,0.19563907,0.205406,-0.9609499,0.7015214,-0.77324265,1.3638027,0.89085215,1.3623974,0.9632782,0.1288584,-1.5381125,0.710578,0.48930916,0.76348925,1.0559618,-1.6474687,1.1307517,1.546924,-0.21037161,-1.2279557,-0.74753594,1.722873,0.43521488,-0.54973775,0.41540983,1.7449446,1.1297823,-1.132927,-0.07705894,1.1096675,0.3560638,0.7191901,0.5855553,-0.96572936,0.5195892,0.1664443,0.8483424,-0.79565,-0.39648595,1.0218247,-0.46619743,-0.60693973,1.6200696
297,0.091803506,0.30600622,0.0,0.0,1.328827,-0.5827358,-0.33474126,0.0,1.0,-0.8491957,0.9969345,-1.3953295,0.3519762,-0.05660909,0.65872604,-0.41110212,0.7148973,-1.4368255,1.5067888,1.3952389,1.0566632,-0.9514882,1.2462044,0.0798999,0.6947444,1.0257471,1.5667346,-0.5128665,-1.04857,0.95342773,-0.5392511,-0.4411881,0.7808451,0.34657702,-0.69933677,0.112403765,-0.46240243,1.1733503,0.22425514,-1.7360826,-0.26655957,1.5124301,-0.19712165,0.69838756,0.061014947,1.172885,-0.5065075,-1.6574962,-1.1333021,-1.5145248,-0.087790884,0.3883089,0.39858162,-0.3543176,1.2335416,0.6068479,-1.5621508,-1.176142,0.9192224,0.1742875,-0.8397567,-0.5505356,-0.8158963,-0.55251694,0.8154004,0.27760172,-0.14813843,-0.9258095,-1.1499599,1.1861123,-1.619736,-0.8120114,0.5453437,1.4960827,-0.025223527,1.2914767,-1.643482,-1.2222126,-1.3284446,-1.4165195,0.052423738,1.0237375,0.52186495,-0.18430819,0.011374773,0.77015114,-0.25836343,1.5584831,-0.8112109,0.6318918,-0.9027289,0.38154086,0.9751428,0.23716764,-1.2149782,0.61060643,0.39868245,1.5319234,1.0200592,-1.4772224,-0.4157394,0.1648111
298,0.62829286,0.7831969,1.0,1.0,-0.9399529,-0.14768632,1.3384682,0.0,0.0,0.515918,1.2170211,1.6507707,-0.5359667,0.12696382,0.10832554,1.6636733,-1.0491613,0.43752554,0.20359206,-0.5111853,-1.6493701,0.67604256,-1.604582,1.59885,0.34105995,-0.65126264,-0.023699813,-1.4765593,-0.1641821,-1.4917166,0.9250507,-0.6760802,1.1013575,0.45438585,-0.9207751,0.8629863,1.5778985,-0.44847754,-0.96411264,1.1259058,0.7580875,0.9059862,0.9896218,-0.92987704,-0.10430473,0.20547467,0.98813736,0.23212765,1.4269018,-0.21418132,-0.8773563,-1.3037088,-0.9999753,-0.17330927,-1.5671947,-1.3379735,0.64756566,-0.60536116,-0.57999647,0.78936315,0.49414676,-0.6818892,-0.7541995,0.4057919,0.4705019,1.1477786,-0.11583425,1.5157937,-1.499057,1.2067534,-1.7038342,0.27412516,-0.81666744,-1.3077488,-0.14381519,0.09007009,-0.60345256,1.2734368,0.20410123,0.5467914,-0.43399873,-1.0210658,0.4304481,0.83041334,1.6287973,-1.3778845,0.70626444,1.1479462,0.27699146,0.399286,-1.1919602,-0.87589926,0.78500265,0.48054552,0.62297165,-0.4372398,-1.5446165,-0.38925287,-1.2949232,0.39245316,1.1199921,0.88098735
299,-1.3174616,-1.8809457,1.0,1.0,-1.118148,0.8752571,-1.3083533,1.0,0.0,0.47146168,1.5469947,1.1378738,0.010720838,0.14937657,-1.2429024,1.7036638,-1.2484146,-0.6839846,1.0928606,0.19784491,0.35241422,-1.6970483,1.4611821,-0.80995834,-1.3202755,-0.019655736,-1.4809498,1.6111938,0.2599415,0.1523672,-0.09890519,-0.55721176,0.10616082,-0.3270927,1.00364,-1.4176328,0.52240956,0.96089923,-0.58633226,-0.25569066,-1.2375768,0.92391443,0.13112576,1.4284241,-0.93463296,-1.253783,-0.78024805,1.571254,1.5483183,1.4164683,1.7175936,1.6455413,-0.18751667,0.58596325,1.444791,-1.7293327,-1.2240953,-1.3660208,-0.2510267,1.0774995,1.1224174,-1.388768,-0.079707526,0.8230112,-0.44736555,0.93712986,-0.15185525,-0.9929348,1.3605559,-0.026763884,-0.72692883,-1.4128029,-0.16033441,0.029389877,0.7444738,1.3791583,0.042785395,1.4980237,0.07630619,-1.124406,-0.7677859,-0.26229337,-1.6121136,1.0781926,1.6809688,-1.0212982,1.1001014,1.7319152,1.4530785,0.64830816,-1.1934706,-1.2438939,-0.9499941,0.40300632,0.054342654,1.262121,-0.27996498,0.80792063,-0.9527195,0.005057489,-0.538448,-0.6586354
300,-1.0061743,-1.5371985,1.0,1.0,-0.54740113,-1.6802503,-0.5416639,0.0,0.0,1.7766358,0.768902,0.11275614,0.21564451,-0.117833495,1.4258472,-1.5168685,-0.34652418,0.91083175,1.0586196,0.7616471,0.89245325,0.20489421,-1.3613337,-1.3544129,0.2121638,-0.6035083,1.3772495,-0.22835925,-1.6351609,-1.4714187,-0.3069438,1.4822662,1.1115272,-1.5162,-1.6176982,0.053520355,1.3936247,1.2663792,1.433022,0.97150093,0.41909906,-0.31222507,1.4220245,-1.1157669,-0.5642063,1.4768451,1.1640108,1.1840526,-0.1277373,-1.02813,0.079329126,1.3395936,-1.3612348,1.1849233,1.3538128,-1.1907802,-1.043342,-1.3425401,1.4535404,-0.6613884,0.9553619,0.21437119,-0.22112791,0.8266681,-0.43647096,1.108287,1.5406085,1.621338,0.009876465,1.3362017,0.037391197,0.6009546,1.695221,-0.83121634,-0.4943878,-0.7961682,-1.5667434,1.5749822,-1.1108543,-0.20709719,0.6511185,1.4731307,-1.4066846,0.4201347,-1.3010952,0.50596607,0.1360442,-1.2690533,0.25426447,1.0309336,-0.46339536,-0.31747907,-0.74937415,0.88371766,-0.5821727,-1.6106778,-0.4259334,-0.31150702,-0.37816843,1.3516314,1.0815916,0.06706828
301,-0.1928613,0.011094322,1.0,0.0,-1.3003689,0.8205737,-0.20608057,0.0,1.0,0.3749495,1.0948539,-1.2360979,-0.63289297,-1.2433408,-0.41470915,1.6781194,0.8591892,0.5997622,1.4818937,-0.9559491,0.36172238,0.9205981,-1.5167497,-1.6700495,0.4679447,1.1678463,-1.3118483,0.53243613,1.3783449,-1.704338,-1.7425746,-0.06817363,-0.6570111,-0.2819787,1.439127,1.4110757,1.2814488,-0.37073603,-0.4551441,1.2527776,1.0399404,0.687793,-0.59593517,-0.40733454,-0.24340335,0.59187126,-0.77542406,0.25438222,-0.45432657,-0.5073721,-1.1413206,-0.19788189,0.3834845,-0.54081416,-0.5677787,1.3528383,0.7868642,-0.92718565,-0.35621634,-0.07117821,-1.0430564,0.89219487,-0.83870167,1.1456643,0.55614406,-1.2273344,0.4389644,1.1019207,1.1121253,0.91340697,0.4608554,1.4205786,1.5068072,1.0871079,-0.83472985,-0.7264984,0.91495776,0.08026815,0.9804562,-0.5820444,-1.1493301,-1.688406,1.092233,1.2876878,1.4876338,-0.920043,0.1405728,0.9539483,0.8592455,-0.49049884,0.027077366,0.4977608,-1.2942126,1.2941184,0.69408005,0.67208403,-0.19771858,1.2332782,-0.13790534,1.6364149,1.2393066,-1.645367
302,0.22807457,0.30085006,0.0,0.0,-1.725107,-1.0838631,1.4481413,0.0,1.0,-1.5795994,0.14431453,-1.4241345,-0.2745985,-1.5435258,-1.1768494,-0.5446328,1.3091336,-0.5792816,1.5358992,-0.33666328,-1.0398486,0.62145305,1.7089238,0.3636402,-0.57182086,1.4822869,-0.3062815,0.19935267,0.8370909,1.5184301,-0.97903836,-1.4279826,0.6116394,-0.26874453,1.2703958,-1.592081,-1.0669165,0.97155,0.7140167,0.75309044,-0.41730884,1.5300993,0.113484144,1.1678207,-1.6094931,0.7383587,0.28342098,-0.74339414,1.4427854,1.4318583,0.36594316,0.4040268,-0.49182543,0.6558998,0.61764616,-1.6664186,-0.6914242,-0.72476727,0.42258972,1.7899579,1.3187196,-0.8521292,1.5102149,0.32420564,1.165514,-0.09417664,0.4825312,-1.5488865,-1.5664124,-0.6514873,-0.933904,0.3989044,-1.1374805,-0.32523438,1.1685474,1.0955462,-1.3069552,0.64598274,0.042660233,-0.54766506,1.2335881,1.7026639,1.6293765,-0.9138897,0.22432877,-1.3279918,0.68568057,0.28294197,0.811932,-0.35768571,0.22274026,-0.3808448,-1.6932229,0.5205108,0.70018566,0.89760435,-1.5394629,-1.5719811,1.0322155,-1.2497913,-0.99031574,1.4814683
303,-1.8200151,-1.6678509,0.0,0.0,-1.450195,-0.45428193,-1.4490188,1.0,1.0,-1.6031134,0.7319886,1.5718452,1.2244296,-1.1495731,-1.2521089,1.1378028,0.03301349,-1.428039,0.183569,-1.1196625,1.272475,-0.4298846,1.1769236,-0.71287495,0.03286983,-0.16677757,-0.7751111,-1.0213121,-0.4593406,-1.2331978,-1.0939238,-0.69794315,1.2850038,0.53908855,-0.1785786,-1.5496866,-1.6449817,-1.255987,-1.3380083,-0.43206614,1.3965187,-0.52182996,-0.38737738,0.9481714,-0.8316298,0.16022845,-0.83884746,-1.3011566,-0.79309195,-0.6690786,0.23419361,1.5015771,-1.2468001,-0.5585027,-0.779163,-1.0745412,-1.467458,1.2300166,-1.6966559,-1.2004073,0.16900852,-0.5061412,-0.08076302,-1.571,-1.2629559,-0.5196764,0.86664355,-0.8426301,0.5764801,0.08758126,-0.34930763,-0.649784,1.3774676,-1.2819519,-0.83396137,1.0537385,-1.4744296,0.05746952,0.7464308,-0.9395419,-0.95169765,0.9439813,-1.5943563,0.2460981,0.8846618,0.45199996,1.3490433,1.0944062,-1.0582968,1.592407,-1.1775061,1.579203,-1.6326807,1.6862091,-0.42666778,0.27649742,1.2492026,-0.025094835,1.3916328,-1.1541945,1.0336084,-0.6556919
304,0.43322343,0.6997416,0.0,0.0,-0.035123073,-0.5713684,0.7586177,1.0,0.0,0.5161893,-0.47350347,0.42931598,-1.6559185,-0.66999745,1.5077622,0.9384983,-0.86646324,0.59544206,1.6625049,-0.25303093,-0.38971916,1.3633598,-0.8806073,0.00010256466,1.1584835,-1.1994354,-1.2444131,-0.4009811,-0.053004257,0.03006504,1.0285826,-1.3914765,0.7963855,1.4869237,-1.6100292,0.5679645,-0.67749214,-0.91688,0.4954193,0.87168336,-0.6996908,-1.2846457,0.7153497,1.3540127,0.07088286,1.325278,0.9902907,1.2022344,-1.308532,1.2711829,-1.7675824,-0.2979662,1.0602683,1.0131843,-0.4234069,0.19643596,1.2817497,-1.0438306,-0.69182503,-1.3160875,-1.2105024,-1.2197016,0.09132613,-0.849883,-1.593561,0.78891087,-0.06086781,0.57798237,0.5087405,0.4920609,0.551196,-0.7904885,-1.740042,-0.5254713,1.7056013,0.54443246,-1.7369562,-0.47351152,1.0409297,1.5062965,0.8549168,-0.77185947,-0.021746,1.2042378,-0.6876231,-1.5551233,-0.76491714,-1.7107131,0.8414257,1.1696851,0.94151276,0.2111962,-1.585402,0.2888658,0.58823544,-1.4042414,0.3014333,0.4775285,1.664561,-0.09402751,-1.4654988,0.09629422
305,-0.7982422,-0.51182586,0.0,0.0,-0.13086113,-0.6734724,-0.7347766,1.0,0.0,-1.595414,0.752331,-0.9813153,-0.5895946,-1.3827145,-1.3088197,0.20667595,1.3044956,-1.2987248,-1.3457469,-0.912985,-0.058880255,0.2562427,1.6051211,-1.3454115,-1.6355318,1.6911564,0.4018228,-0.7391883,-0.10800995,0.28109837,-1.3036569,-0.9701995,0.12527001,-1.0393575,-0.02808008,1.2801204,0.38578793,-0.16102652,-1.4390192,-0.00084519165,0.5655519,-1.0731317,1.7474846,-0.3236771,-1.4422032,1.3157188,-1.7258132,1.3614777,-0.045034222,0.10648759,0.7153792,0.5128141,-0.012178636,0.33511052,0.8674174,0.70991296,-0.46477884,-1.0350584,0.10479887,0.65781015,0.5701176,0.99862605,1.5926528,-0.70198727,1.1253002,-0.22555625,0.26403537,1.1856179,0.58111995,0.07963316,-0.8056502,0.72784567,0.13001579,-1.2593772,0.5915079,0.93173254,0.5144139,1.286647,0.63111067,-1.2762393,1.7558887,0.57146907,1.2253002,0.072667696,-1.5019457,-1.3094883,-1.0346974,1.4620149,0.2582575,-1.3693831,1.1258923,-0.36886352,-0.72068745,1.1445884,0.99409145,-0.80167437,-0.1689807,1.2534328,-1.7317971,0.7292282,-0.9838696,-0.51349515
306,-1.211882,-0.20572117,0.0,1.0,0.8943546,-0.46476662,-1.3813823,1.0,0.0,0.39818382,0.72984165,-1.0063698,0.14351185,1.5908701,-0.8496746,-1.015095,0.48039937,1.4813365,1.3918468,1.0971661,-0.51279116,-0.12435895,0.25669068,-1.6847305,0.7542632,-1.5788698,-0.7594012,0.35667863,1.4027904,0.20192553,0.52458996,-1.0068061,-0.87360126,-1.2143443,1.1549349,1.3475844,-0.18610802,-0.8558322,0.8766384,0.33854717,1.3004326,-1.4827586,-0.05428242,-0.8537414,-0.03837216,1.674879,-1.2765137,-0.8083412,0.25608256,0.31055126,-0.94127005,1.0704376,-0.42923003,1.4073752,-1.5690004,-0.77801603,0.20903473,-0.9416984,-0.20359759,-0.40535155,1.1515852,1.7760646,0.55379844,-1.0721266,-1.2332646,0.36303645,-0.16735923,0.30641484,-0.16902345,-1.2064358,-1.1945401,0.8097629,-0.67971075,-0.7294839,-0.6436424,0.5785781,-1.241605,-0.3466932,-0.5831286,-0.058549695,0.56509054,0.11196165,-0.25382927,-0.56692153,-0.33134386,0.115105435,1.7307436,0.6726528,-1.129833,0.62853134,0.98530346,-0.37604353,0.5117617,0.22049345,0.9555442,-1.6653712,-0.19359925,0.50680584,0.25650236,-1.333851,0.7900999,-0.5689692
307,1.7025328,1.8804837,1.0,0.0,1.4048929,1.5555465,0.70419115,0.0,1.0,-0.5752667,0.0805588,0.5630902,0.5899555,-0.80138147,-0.74891824,-0.4166759,0.822542,-0.7913324,-0.1632048,-0.6550795,-0.37310708,-1.1295007,0.87364954,-0.194349,-1.0942307,0.72031206,-1.0132712,1.6265063,-0.4577281,1.4805279,-1.0829711,-0.32071713,1.1905682,0.7128896,-0.5136791,-0.46209273,-0.52649665,-1.2405407,1.5553523,-0.1555969,-0.93965966,0.60639066,-0.76045513,0.6236648,-1.0611603,-1.3124307,1.2483883,-0.567272,-0.6824174,-0.45925257,0.467221,-1.318953,-1.6361305,-0.13809042,1.1310924,0.3775888,1.5810905,-1.6731782,0.08388657,-1.0157149,-1.1247689,1.2789537,1.4244447,-0.55977696,-1.3932774,-0.3688649,1.3349247,1.5663494,-0.12396494,-0.68393767,1.5795257,-1.5567822,0.122345045,-1.674527,-0.6101397,0.3739708,-1.7496641,0.08585199,-0.9609027,1.5674089,-1.4753653,-0.38027126,-1.0275723,1.0906042,0.8313795,-1.2151437,1.1250988,1.146229,0.42545018,-0.83404636,-0.8999591,1.521415,-0.74959654,1.1738646,0.68214244,-1.2073251,1.6164501,-0.306384,1.3590262,-0.7425807,-1.0419043,-1.3381438
308,-0.96864194,-0.9454314,0.0,0.0,0.08247895,1.4824208,-1.6016476,0.0,1.0,-0.11731005,1.4925437,0.6790741,-0.39618424,-1.6269983,-0.41415814,-0.61189544,1.526722,1.473879,-1.0977743,-0.9150685,-0.23227946,1.0655917,0.2292336,0.046689738,0.5049366,-0.42894447,-0.02093889,0.05727621,1.5149491,0.668048,1.7924632,-1.4875141,0.63592464,0.62689847,0.85054904,0.84865636,-0.7022445,-0.21840453,-1.7493287,1.0301937,-0.20311202,1.4768109,-1.4474529,1.627811,-0.50568837,1.4620662,0.95138335,0.8526793,0.2513322,-0.82866406,-1.4055052,1.5411305,-0.9499767,-0.8013645,-0.29801106,-1.7022876,-1.0873785,0.43291783,0.28004503,-0.7783713,0.8611175,-0.07545257,1.2187338,1.5806587,0.06863286,-1.1049939,0.33130267,-0.79180586,0.49762478,-0.18159337,1.1326402,0.58065516,-0.77476865,-1.360066,-1.311496,0.834966,-1.4368371,1.7081628,1.1426145,-1.3909286,0.5983735,-1.5667745,1.2266777,-0.7972319,-1.1830916,-0.6868337,1.2076104,-0.19257541,-1.060998,-1.4078821,-1.3745952,-0.92756754,-0.55639595,0.9361067,0.06622743,-0.3440973,-1.067574,-0.34510404,0.42440727,-1.384113,-0.7273091,-1.0062426
309,0.091065444,-0.04349474,0.0,0.0,-0.7883608,-0.7297636,0.72940433,0.0,0.0,-0.8017912,-1.3705776,0.6491911,0.7220427,0.1255063,1.6593406,-1.1110882,1.6624848,-0.74600595,1.3856714,0.5365876,0.40188983,-1.0726756,0.6157136,-0.66000885,-0.3525036,-0.613558,0.6762929,0.6447516,-1.4682477,-1.4917116,-0.9164893,-0.22884825,0.3567131,0.06470371,-0.47366062,1.6190021,0.38541737,1.1720743,-1.113573,0.40488753,-0.076255485,1.2271769,0.6634058,1.1427466,-1.3718101,1.2117051,-1.635361,1.028438,-0.8466356,0.024695477,1.0081067,0.880964,0.83055156,1.619949,-1.7451411,0.2289794,-1.4860244,0.5293232,-0.10532092,-0.06505008,0.2654572,1.1598369,-0.12058362,1.6500909,1.5114703,-0.82109666,0.5375185,0.32193878,0.053877965,-1.1018927,1.1005127,-0.9741802,-0.24214658,1.24202,-0.3118492,-0.90775293,-1.5489728,0.2677756,-0.70361114,1.4082152,0.95224583,-0.42054796,1.674294,-1.7470912,1.1846856,-0.018475104,-1.389109,-0.3599873,-1.1232351,-0.080387235,-1.5554972,-0.7398395,1.6489143,-1.0290083,-1.3940403,0.82940733,1.2274486,-1.0753509,-1.5261602,-0.7073249,-1.1627724,0.8433577
310,-0.03468496,0.6773344,1.0,1.0,1.6602452,-1.2312161,-0.49202743,0.0,0.0,-0.9757377,1.128915,0.86623514,0.34464902,0.3273697,0.1934794,-1.7010528,-0.5411834,0.90901965,1.148376,-0.934529,-0.97370887,-1.6158006,0.95303506,-0.25994158,0.20339927,0.732232,-0.9707989,-1.4724925,1.0992129,-0.7497172,0.3406421,-0.61680377,-1.4129267,0.57707214,1.3318994,1.3308893,-0.77204,-0.40923065,-0.24947296,-1.1250646,-0.11813184,-1.7054288,-0.35621485,-0.022599155,-0.13528198,1.1993706,0.9542167,0.02933399,0.91665745,0.84438604,-0.047197565,0.85019237,0.31584308,1.3718518,-1.580874,0.0041306308,0.72376925,-1.4309069,0.5842515,0.5175169,-0.055258557,1.7288886,-0.59869564,-1.2555958,-0.47158155,-1.2712117,0.103752196,0.39421564,-0.16810374,-1.086341,-1.3210273,1.6622081,-0.39911824,1.570301,-1.3005105,1.5085814,-1.1911418,0.076391354,0.8408769,-0.54870427,-0.45144105,0.2379273,-1.079524,0.77037835,-0.549653,-0.5142646,0.43795705,1.2786976,-0.68090606,0.42767546,-1.3923547,-1.1881927,-0.20780559,0.13992672,-1.6305459,-0.90900296,-0.029546088,-0.60403186,-1.547332,-1.0808399,-0.4773148,-1.6368244
311,-0.36653212,0.09911424,0.0,0.0,-0.41313326,-1.1449633,0.07070786,0.0,0.0,-0.20883714,1.1251457,0.50883216,0.43174186,0.9670167,-0.4401002,0.9106982,1.338924,-0.17791624,-0.94413966,0.029752782,0.4228573,-0.024072971,-0.2975613,0.19842485,1.2265579,-0.6251185,1.1975281,0.9391906,1.2752043,0.7555598,-1.2871469,-0.5263403,1.3344479,-1.5898358,-1.6569788,0.32461092,0.61261183,0.5608201,-1.1951815,-0.23697038,-1.2402823,0.15455343,-1.332265,-1.5630155,-0.59060925,0.18282369,-0.7405745,0.32691732,0.5875847,-0.3458129,-1.5957214,-1.4114935,0.729075,-1.5520828,-1.718529,1.530707,1.5182513,-0.74152106,0.112747006,0.5870864,-0.28416282,0.794764,-0.88335085,-1.3013088,-1.208333,1.214733,-0.08934076,-1.0361925,-0.3459066,1.201291,0.5222648,1.4163747,-0.10032694,0.7666296,1.6926563,-1.0661149,-1.154375,0.7529746,-0.27212963,-1.0290043,-1.1030761,-1.5620447,0.5922396,-0.5114841,-1.0798914,0.74715877,0.46172386,-1.4937679,-0.727212,1.6285721,1.2784082,-1.4433422,1.3881134,1.2941791,-0.07524075,-0.3807317,0.12412112,-0.49779186,-0.72392064,0.41076836,0.7398779,0.27570513
312,-0.80540806,-1.0844378,0.0,1.0,1.1596938,-0.7000237,-0.9337259,1.0,0.0,-0.22061852,0.54643446,-0.8098462,0.09681527,-1.0617455,-0.115659334,-1.1026139,0.11575045,-1.0976589,-0.14422761,0.30589834,1.0861022,-1.6231198,1.1429609,-0.8932229,-0.6794544,1.4746642,-1.1251851,0.14224087,0.5661326,1.5472571,-0.2630918,-1.4290587,-1.1663556,0.5910917,0.58139884,1.3589748,1.6702507,1.5874516,-1.5628237,-1.2406886,0.71145344,0.006367303,0.423271,-1.4368452,0.5818305,-0.4642513,-1.2935361,-0.6702869,-1.6216356,1.018188,-0.762812,-0.093730316,-1.2824659,-0.18139097,0.36441648,0.40405175,-0.7031078,0.8207835,-0.5643565,1.7483716,0.16957334,1.11975,-0.8682544,-0.021418627,0.7786459,-0.20183353,1.6177101,-0.42247075,0.39753443,-1.0657369,-0.11699487,0.110250466,1.3556852,-0.32256803,0.68617773,-0.97344697,-0.26871347,-0.8931429,0.104867876,0.4448415,-1.5412954,-0.21034557,-1.1395018,-0.5367878,-0.055607874,0.5598363,1.7644109,0.7078567,-0.10710242,1.5045623,0.9859074,-0.7762199,1.3166881,1.2679148,-0.8997417,0.29413483,-0.3449088,1.3004953,-0.19602251,0.46287188,-1.6028402,-0.9805536
313,0.062368043,-0.3991043,0.0,0.0,-1.440227,0.6157312,0.66820693,0.0,0.0,-1.0097601,1.0360478,0.09161886,-0.3936272,-1.4284238,-0.015103275,0.6102168,0.8310178,1.4765334,0.13401127,-0.2658526,1.3667293,-0.123254254,-0.6359154,-0.8824487,0.72230715,-0.72902346,-0.08618074,0.34647796,1.528079,-0.73854196,-0.6622247,-0.18454288,1.0877305,1.5322548,-0.5742262,-0.51781845,-1.4879812,-0.8826701,-1.2330885,0.9436844,-0.76361275,-1.1731902,0.89827996,1.1720521,0.90005547,1.4848813,0.25946784,-1.595058,0.07734767,0.39301813,0.2774676,-1.0180019,0.11465049,-1.2311108,1.2920194,1.3403562,1.4869492,-0.43112203,0.123139255,-0.96112967,0.54319817,-0.11449802,-0.6257826,-0.7352423,0.50637,-1.5883127,0.041994676,-1.5218935,0.47285816,0.3758288,1.0263991,0.17062448,-0.39146894,0.5188895,-1.1548548,-0.6153468,0.18770337,-0.09925109,1.3676558,-1.1901892,-1.302855,-1.121626,-1.002325,-1.2943962,0.7682538,1.4583539,-0.69569457,-0.3989228,-0.16280112,0.7847157,-1.0426308,1.2578212,-1.0871817,-1.4367949,-0.35376686,-1.0406318,0.74675024,-1.2365737,-1.6745907,1.6683414,0.15803085,-1.5924922
314,-0.46987376,-0.94085324,0.0,0.0,-1.7882367,-0.8522695,0.5326514,1.0,0.0,-0.8127167,-1.7884046,0.64672035,1.6672571,0.08202191,1.6094244,-1.1808395,0.7442422,0.27458435,1.3068236,-0.15708317,-0.09329983,-1.1611725,-1.2357405,1.2570375,-0.5433098,1.6152573,-1.3619287,1.4373174,1.5987377,-1.5776831,-0.2004945,-1.3801891,-1.6822895,0.4362628,0.3326871,1.5490066,-1.6579772,1.6986228,-0.65716827,0.072151914,1.3474922,0.1988041,1.1469275,-0.47885934,-0.12055701,-1.6279438,1.574153,0.16396277,-0.9906029,0.559448,1.3751597,1.4478557,0.17206389,0.03646702,0.6333874,0.73548526,-0.6660839,-1.4203964,0.62197596,-1.2494159,1.723812,0.4151685,1.3487884,0.6734633,-1.3466442,0.3719675,-0.289631,1.5317912,-1.6287255,-0.33393744,-0.76014245,0.5747153,-0.47319803,0.02500048,-1.367723,0.96634954,0.45790705,1.4732442,-0.8826638,0.71820456,0.30983648,-1.6851093,-0.58685106,-0.7686152,1.2597525,0.11369696,0.25214544,1.004774,0.7658504,-1.5879022,-0.7966485,0.2692545,-0.7257498,-1.3810911,-0.22754128,-0.44635168,-1.4165754,0.60884917,-1.7111663,0.016338093,0.428331,-0.8885266
315,-0.14127545,0.26004198,0.0,1.0,1.0089927,-0.45111352,-0.07926181,0.0,0.0,0.6914533,1.4974875,0.55638236,-1.5711212,1.1871638,0.33690777,-1.4303827,-1.399186,0.4043918,0.6127199,1.1601839,1.6216584,-1.3540063,1.1001836,0.6055929,1.2157427,-1.5736672,-0.3065303,-0.9133474,1.0105013,-0.62392163,-0.28676188,-0.81893414,0.6856634,-1.5720781,-0.45660904,-1.0162069,0.42529127,-0.11862101,1.0690858,-0.68211955,-1.5393454,0.47812986,0.61487126,-0.6986935,0.12440519,-0.9547033,1.4433421,-0.52854335,-0.67720556,1.708152,0.61336213,0.699538,0.9119452,-0.094862714,0.43055663,-0.7731594,-0.29182544,0.56507945,-0.4942293,1.6320033,-0.15701477,-1.3087937,-1.1357572,-0.8911749,-1.6209596,1.0422823,0.100268036,1.0093232,-1.2976022,-1.6012979,1.3768873,-0.83049977,0.5710308,-0.009707137,-1.0546023,-0.8091796,-0.65885556,0.67280054,-0.61295635,0.12483341,0.66839254,-0.9396442,0.7163059,1.5819281,-1.0805072,0.6315564,-1.5302792,1.6909064,0.8474848,1.4471623,0.75244397,1.1510493,1.1902044,-0.7643439,-0.8522191,1.2266774,1.1435422,1.5493639,1.659903,-1.3245158,-0.7965989,-0.07108317
316,1.4781109,1.9374933,0.0,0.0,1.5546911,-0.6597619,1.3377777,1.0,0.0,-1.5600927,-1.1784918,-1.536306,0.4537507,-0.021433203,-1.3825045,-0.70862705,0.36267018,1.3032477,0.7330774,-0.8494788,-0.5640841,-0.2269069,1.6902285,1.0912634,0.89642394,-0.86351484,-0.19436902,0.67656356,0.7388204,-0.61498386,1.7994032,-1.1174952,1.1540046,1.591985,0.43928847,1.3864915,-0.48746622,1.4743282,0.19982219,1.2801731,-1.0358417,-1.6776388,1.1989574,1.129913,-0.6319565,1.4964842,-1.7979172,-0.70031726,0.643035,0.70433354,-0.047507476,-1.2155786,-1.7457507,-0.28364694,-1.0394981,0.9544297,0.94815356,0.8188135,0.9251641,-1.4686123,-0.40608326,1.1358109,-0.40866086,-0.3753198,0.10873662,0.22281274,0.8677113,0.72894776,-0.028183345,0.18724063,0.2746444,-1.2770807,-0.8852008,0.63218534,0.22090608,-0.44309866,0.27703416,1.5303326,-0.24276662,1.506345,-1.6409539,0.35030052,0.18504494,0.7046909,-0.21182163,1.2013539,0.9213117,0.37701142,0.9024067,-1.3719004,-1.2351176,1.1512989,-0.666382,-1.4441886,0.14783905,0.6378763,1.3725623,-0.70470387,1.4647701,0.7692776,-0.12762038,-1.3161821
317,0.7519816,0.84172136,0.0,0.0,-0.7749943,0.10579816,1.35138,1.0,0.0,-1.6610682,0.9245754,1.307908,1.6670606,1.4382629,0.49421075,0.42479837,1.5948142,-1.6440572,-1.4267442,-0.4402139,-0.67081016,1.1514634,-0.01356787,1.3997427,-0.94914144,0.16549818,-0.9764081,0.6127856,-0.6031031,0.31211072,1.6256658,-0.34587514,-1.6068137,0.45557752,-1.6521617,-0.29501966,0.74767214,-0.9244634,1.1337395,-0.96303844,0.7129033,0.5840942,-1.371429,0.38963905,1.2787914,-0.6422171,-0.20697628,1.4624615,0.19615903,-0.7773301,-1.3027265,-0.9475961,-1.6701778,1.1026875,-0.6149229,-0.21241185,0.47621876,-0.58075315,0.035630565,-1.3019142,1.5327978,-0.6816591,-0.7522344,-0.14438963,-1.1813388,1.545453,1.2110339,1.2268089,0.68895733,1.4196835,-0.46971542,-0.5589011,-1.1797953,0.9417885,-1.1411238,1.3304362,0.35678795,1.202787,1.1708854,-1.4391593,1.4604036,-0.76079476,-0.51997304,-1.4811698,-1.0020887,-0.7873955,-0.34855917,0.97084296,-0.6009633,-0.442379,-0.5857746,1.7135527,1.2281637,0.5776284,0.08616196,-0.07752121,0.6808013,-1.4811752,-1.0859076,1.4825068,-1.0369582,1.3194524
318,-1.1343881,-1.9749504,1.0,1.0,0.035054166,-1.3121133,-1.0807843,1.0,0.0,1.0681334,0.2944173,1.1570203,-0.37326148,0.5267114,-0.10507908,0.2666665,0.19529209,-0.07461505,-0.5523217,-1.3115637,1.357259,1.343342,-0.012527753,1.0366299,-1.389682,0.60801154,0.54462826,-1.7014978,-1.3665047,-0.49303415,-0.88367677,-0.9029892,0.60778856,1.575872,-0.20728606,0.98382133,-1.3098555,0.45559648,-0.6715251,-1.4684482,-1.1322997,0.83678675,-0.36672327,1.4514339,1.647219,1.5352811,-0.2988494,-0.2937131,0.41078094,1.3562001,0.531126,0.456746,0.6167913,1.0280879,1.2252395,1.2432045,0.9422982,0.8595701,1.2972652,-1.0991598,0.7652723,-1.4055129,1.0325726,0.5611902,1.157604,0.8186418,1.4264832,-0.27105933,-0.67482865,0.4976976,-0.15161726,-1.0160542,0.836082,0.80625314,-0.64147466,1.1401801,1.6449116,-1.3480569,-1.0217952,-0.040415343,-0.5752295,1.2605711,1.711441,0.11062154,0.4095782,-1.6526164,1.0913819,-0.71446615,-1.3032621,-0.11936095,-1.2569935,1.5744519,0.98,1.0967453,-0.7331296,-0.6665906,-1.4127178,-1.1746433,-1.1534286,-0.63739014,-0.33768836,-0.867781
319,0.6260601,0.028453888,0.0,1.0,1.4161593,-1.6093413,0.992393,1.0,1.0,-1.202793,-0.19470106,-1.2572298,-1.3659886,0.41339785,1.2651556,-1.0418655,-1.2738681,0.6076924,0.77823657,-0.6117969,-1.720419,-1.1196203,1.521572,1.2598137,-1.0585356,-0.71143633,-1.351293,-1.0141584,0.9030152,0.29733217,-0.16838968,-1.4251757,-1.0705663,0.6075221,0.6447118,0.17217056,-1.196244,-1.5411103,-0.49758044,-0.84966123,-1.239867,0.9363679,0.96703637,-1.1537192,-0.9706167,0.4558216,0.28551218,-1.5578626,1.3525174,1.3589607,1.2423788,-1.1380532,-1.5761764,0.7391274,-0.00628942,0.6848971,-1.3745128,1.4606245,-1.2995157,-1.3497924,1.6426277,1.1002022,0.2567079,1.6222694,-0.9991877,1.2934967,0.9407869,0.34734318,-0.05399773,1.5429225,1.6530731,-0.9261921,-0.2612204,0.176564,1.3487401,-1.2216884,1.1083894,-1.2890073,1.3537465,1.1491423,-1.6091281,-1.3739551,0.497621,1.5928603,0.6093604,-0.48054305,0.686539,-0.4269866,1.2933701,-0.72577184,-1.5755571,-1.0980278,1.4400128,0.78735596,-0.14190401,-1.1223289,1.5749813,1.4277397,0.69381374,0.15172775,1.2567784,0.24730381
320,0.49838445,0.66092825,0.0,0.0,-1.7380148,0.8315609,1.3124223,0.0,1.0,0.9152686,0.48865184,-0.3627019,0.33082008,-1.0231568,1.2178305,0.31267822,-0.36740094,1.3901575,1.2871797,-0.2144993,1.652749,0.47548607,-1.5719036,-0.4565517,-0.75244206,1.5514218,-1.5471729,-0.939378,-0.50013256,-1.1155193,-0.97000915,-0.7865194,0.69470125,0.26721728,-0.98460406,-0.102421194,1.6889546,0.13629872,-1.0321913,-0.3507029,-0.6746502,-1.3977922,1.6713865,-1.7424834,1.2366819,-1.6089281,0.95002985,-0.6311787,1.3493166,0.35211807,-0.9245172,-0.7785321,-1.6956776,0.3241129,1.180202,0.76133806,0.1474156,-0.10266599,-1.4722497,-0.42878473,1.2650785,0.7374881,1.3840185,-1.7993131,0.0010068286,0.44833627,0.49400085,0.049035173,-1.4549512,-0.6503914,-0.6854142,0.638599,-1.7316984,-0.48174706,0.10624261,-1.3322929,1.4179242,-0.047375705,0.7193882,-0.31205907,-1.1379533,-1.630558,0.97044283,1.0161803,1.4457573,1.3282161,-0.237855,0.19639589,1.0668683,1.1443285,-1.6500895,0.18834373,1.3637536,-1.1844546,-0.26927924,1.2255267,-0.6495616,-0.66755515,0.73779434,-1.0718501,0.057478737,-1.0676643
321,-0.08662552,-0.101891294,1.0,1.0,0.70074606,-0.26715553,-0.33671883,0.0,1.0,0.0014527447,1.4939091,-0.942796,0.27499756,1.2825605,0.2104474,0.30945134,1.5296862,-1.2490424,-0.011730237,-1.0432122,0.8081028,1.266205,-1.4225348,-1.6154165,-0.056716666,-0.502997,-1.7160337,1.595302,0.8188579,-0.25413376,0.27753142,1.3103428,-0.33752108,-1.3657554,1.3751568,-1.5148368,1.3612567,-0.19413361,-0.14805886,-1.089963,0.8842489,-0.92949533,0.49918193,-0.4799075,-1.613709,-0.36116606,1.0848874,-0.36414674,1.0266223,1.3000746,-1.1906117,-0.35608563,0.46974462,-1.0956632,1.4358187,0.8263994,-0.71728307,-1.0225644,0.15798196,0.4627034,-0.9726134,1.3566364,0.52357954,0.47448355,0.2173614,-1.5408014,-0.2417886,-0.3630938,1.4561607,1.2477787,-1.2660522,0.74672073,1.2267346,0.33013847,0.19680072,-1.5407958,1.5718876,-1.4147207,-0.04757663,-0.92045826,0.81852204,-0.92369044,0.4218314,-0.22229391,0.93785787,-0.39472297,-0.7524868,0.54820603,-0.14489286,-0.09793696,-0.43155864,1.6156005,0.7833068,-0.88349736,0.2676399,0.28162998,-1.7013948,0.22719651,-0.47046548,1.1992496,-0.91210353,-0.067785926
322,0.6968806,0.73055947,1.0,1.0,-1.7316396,1.2665852,1.4514029,1.0,0.0,1.1521933,-0.3620741,-1.6531074,-1.7269197,0.8616646,0.5410457,1.1579089,-0.6730921,1.6405647,0.18232265,-1.5800754,0.16091248,-1.0345268,-0.2569721,1.5278133,0.77619183,1.3678344,-1.0270222,-0.04706731,-1.4629182,0.872368,0.89274824,1.2817096,-1.1334887,1.644492,1.0988847,-1.6749328,0.56721205,-1.0701942,-1.0471115,1.2162118,-0.4079269,-1.6171458,0.26957998,0.7572612,-0.39861387,0.37786475,0.47406012,0.4945764,-0.76467836,-1.1185393,0.9283646,-1.3378484,-1.6001759,-1.1572164,1.4264436,0.79062915,0.36961594,-0.38176683,1.2864742,0.7410446,-0.3060765,-0.093623266,-0.072686695,-1.2788472,0.5007931,1.0093915,-1.5456555,1.1905378,1.6755959,-1.6235431,-0.9363491,-0.64952135,0.52916676,-0.5108828,1.6320244,-0.03568253,-0.5374089,0.3181102,-0.83874273,0.5452144,-0.18078586,-1.136759,0.8243039,-0.307492,-1.1041788,0.26136366,-1.1136155,0.85398334,1.3432367,1.1960121,-1.3134488,1.520773,0.8845878,-1.7269057,1.061275,-1.1515791,-1.3069177,1.0535187,-1.1383888,1.2736877,-1.4549351,0.35659283
323,0.7682692,0.6768317,1.0,0.0,0.3286853,-0.09320551,0.45682073,0.0,1.0,0.7978009,1.3908299,-1.3149,0.09934056,-0.024639808,-0.48910502,-0.5665987,0.41032025,-0.44588888,-0.53243196,1.6398468,-0.6231446,0.60438144,-0.7560886,0.95634013,-0.8770345,0.15474412,0.29416808,-0.78209907,0.9457303,1.4769676,-1.5408366,-0.28914568,-1.3476114,0.08386226,1.6316713,1.5480005,1.4225931,0.113484494,-1.7520303,1.347742,-0.25433862,0.8627443,0.33013323,-0.78772765,0.13784504,1.3086551,1.4844372,1.6334339,0.9433966,0.764158,0.3311221,-1.5646377,0.9699618,0.15548748,-0.11717884,0.8800488,-0.3312933,-0.84811103,-1.0869207,0.77248067,1.5985715,0.31394413,-1.2014248,1.2199311,1.4613013,1.2045866,-0.5167621,-1.4406335,-0.87765133,-0.35469526,0.5826385,-1.0939051,-0.5091203,1.4952738,-1.1908748,-0.31208247,0.38060093,1.435886,1.6194519,-0.5233581,-1.6576269,1.6708865,-1.5707095,-1.3333875,0.032807473,-0.61931807,0.4261468,1.6593627,-0.07577795,-0.35802904,-0.4999445,-0.4073399,0.87188065,-0.82370377,-1.6282717,1.3835458,-1.6871035,-0.2433998,-0.16815212,-0.77290374,-0.8927465,0.66755646
324,-0.38647965,-0.6086531,1.0,0.0,-0.30816725,-1.6336501,-0.31163844,1.0,0.0,1.7334188,-0.14884372,-0.41492534,-1.5981286,-0.41079164,-0.62426686,-0.3372236,-1.5930632,1.1382593,-1.2483355,0.97966105,-0.6272608,-1.655134,-1.1541711,1.5181943,1.675791,1.6563281,-0.74751896,-1.3953452,0.09933426,-0.9041242,1.792161,-0.62152755,1.035103,0.16874921,-1.4723822,0.4202365,-1.1017574,0.9194804,0.005028422,-0.7220338,-0.7376116,1.645152,-1.0271139,-0.73186886,-0.9687382,-1.325411,0.7650072,-1.262221,0.5750401,-0.78237003,-1.0192041,-0.3423887,-1.7321066,1.1052064,0.038881388,0.6094444,1.3997487,0.8599247,1.556138,-0.99216956,0.4461268,0.8040755,-1.4974015,1.4850283,-1.3403093,0.71404344,0.5655609,1.264211,-0.80867827,-0.82042974,-1.1823994,0.5634042,-0.7189133,0.68557036,-0.29631644,0.6689775,-0.32943562,1.48801,0.5141502,0.7174807,-0.13723522,-1.327103,0.4808994,-0.9481388,-1.0499812,0.3064255,1.5878055,-1.2195324,-0.92946666,0.8834054,0.72102296,-0.75465786,1.2979748,-0.26002333,-0.9817805,1.385758,-0.047632344,-0.32942325,0.97162676,1.0635732,0.7429102,-1.2492244
325,1.0708238,1.2028056,1.0,0.0,-0.33376354,-1.7157307,1.5745041,1.0,0.0,-0.071631305,-0.91836864,0.83434254,-1.2381171,-0.8276583,-1.1694065,0.7849589,1.3388689,-0.52143973,0.7052655,-1.2279543,1.643792,0.34455714,1.4935251,-0.50188756,1.2143927,-1.3816298,-1.567442,1.7581826,0.3548522,0.9903184,1.5239496,0.21867225,1.1051201,0.75512403,1.4690131,-1.6859435,-0.1711309,1.6732695,-1.4636272,-0.21321787,-1.1176013,0.10122339,-1.1209553,-1.5102655,0.6365556,1.6258535,0.7235518,-1.0827913,-0.328518,0.39559963,-0.6311932,-0.4827264,-1.4249879,-0.39729622,-0.26942888,-1.6082522,1.1628879,-1.048728,0.27216703,-1.571103,-1.5426325,-0.81743395,1.0023824,-0.41420192,-0.57737195,-1.2637395,0.05403945,1.3164247,-0.17516384,-0.0078001083,-0.5852015,-1.229762,-0.26054972,0.7047109,1.6764395,-0.9793576,0.3806355,-0.5983882,0.71933097,-0.23165797,1.3616722,1.5339651,-0.6079562,-1.3198681,-0.45166534,0.9103283,1.2778369,0.5852624,-1.294652,0.14241587,-1.3198858,0.914124,0.31510183,-0.4479014,-0.6289245,-1.1842948,-1.2364153,0.22301309,1.5602738,-0.09394833,-0.46907827,-0.2209778
326,-0.20240088,-0.28139216,0.0,0.0,-0.5549262,0.4308292,-0.05132834,1.0,1.0,-0.89022917,-0.12426016,0.81041723,1.609211,-0.9307366,-1.6307062,-0.5850764,-0.17253818,1.0682575,-1.1003749,-1.6073459,-0.54498214,-1.231893,-0.5666657,-1.0160143,-1.2492104,1.2049192,0.89802146,-1.3465297,1.580559,-0.82614595,1.1291715,1.4565705,0.4575207,0.22155057,-0.44263238,1.0718437,-0.84679604,1.5898234,0.85698575,-1.5842003,-0.39496878,-1.7498235,0.44678268,0.098821,0.73736656,0.21363798,0.1285323,0.56370836,-0.8881486,-0.25261295,1.2327204,-0.13019934,1.1495569,-0.14545593,-0.36856335,1.6099244,0.43809566,-0.009170457,0.8262287,-1.3810087,-0.14619298,-0.39140266,-1.4425296,-0.4770878,1.1497648,-1.3806511,0.7578315,0.8745991,-0.37256357,1.0466125,-1.4020935,0.7316867,0.1344036,0.41640577,0.9367274,-0.8301967,-1.6540807,1.582674,-0.12790354,-1.1655904,0.97354895,0.14031282,-0.42423284,-0.5010757,-0.6244819,1.0236034,-1.599461,-0.14495601,1.4162475,1.374288,-1.2535986,0.8467812,1.3275936,-1.545011,1.0194174,1.5288413,0.43922117,-0.8788265,1.2422779,-0.6332501,0.51098585,0.8133301
327,-0.13850859,-0.8966974,0.0,1.0,-0.014535586,-1.272709,0.6294584,0.0,1.0,-1.068042,0.8466734,-1.638915,-0.9719141,1.2439046,0.82302296,-0.8265788,1.043947,-1.7436188,-0.4994026,-0.76230663,-0.66823226,0.905138,-0.35974216,1.0760645,-0.03587888,-0.14746846,-1.7343653,1.4513093,-0.7379835,-0.43602136,-0.047648076,-0.7451765,0.4155617,-0.22284496,-0.197631,-1.0740839,1.6666481,0.8321295,-0.87892956,1.2834306,-1.0318778,-0.12177914,0.84437376,0.9020737,-0.99723756,1.2587585,1.0924335,-0.45935997,0.85263485,0.836157,-0.6186382,-0.445727,-1.8017852,-0.920569,-0.37467787,0.7237041,-0.9235668,-0.19922298,-1.633136,-1.2487662,-0.87093043,-0.08775832,1.1092675,1.5553688,-0.21822238,1.0749207,1.1325104,0.42210898,-1.4582964,-0.09337142,-0.48093462,-1.4732164,0.00060510816,1.4436679,1.7024742,0.15328643,1.6235892,-1.6485318,1.3700756,1.1792469,-0.5511338,-0.42621964,-1.3320892,-1.5745537,-0.059714336,1.3354902,-1.594187,0.8734394,1.3112254,-1.4176251,-0.3825359,-1.1032536,1.1414503,-1.6363163,0.7744522,0.6420373,-0.91435456,-1.1022333,0.072490655,-1.697793,1.6821355,0.21074115
328,0.8193436,0.57558995,1.0,0.0,-0.5768739,0.62264746,0.7798587,1.0,0.0,0.8620511,-0.08073221,-0.6470894,-1.2313019,0.14763875,-1.3986542,0.349376,-0.16064285,-0.77666456,0.98761034,1.2841308,-0.12236366,-1.2377813,1.756103,0.8914368,-0.2642012,0.08938293,1.3387109,0.6754967,-0.5914776,-1.6417836,1.6103044,0.70774657,-0.05053589,0.21732602,-1.1122348,0.5580272,0.5820695,-1.4267378,1.3696375,-1.3944107,-0.36557162,0.5495882,0.5775655,-0.15058534,0.4951674,0.6214247,1.65626,0.7237693,1.6224108,-0.91452235,-0.7428183,-1.2104766,0.49899694,0.12864211,-0.8560582,0.3118115,1.490689,1.5070516,-1.183158,0.8315287,-1.0670122,-0.10889682,-0.32571292,-0.31878227,-0.69247913,0.57731384,-0.86873585,1.435215,-0.95032287,0.29024082,1.5328385,0.13675313,0.28804678,-1.475599,0.39974645,-0.9508235,1.5554153,1.5266647,-1.0906503,0.74464,0.42289376,0.82618093,-0.46584597,-0.30487043,-0.28609362,-1.3568633,-1.0695716,1.2540319,-0.21353194,-0.46604857,-0.5557593,-1.2026278,-0.67104757,-1.0425155,0.56652504,1.4304922,-0.7561163,0.3344318,1.6773646,-1.2497467,-1.4469254,0.054100964
329,0.51533073,0.6474673,0.0,0.0,0.5471116,1.2879058,0.10892751,1.0,0.0,-1.4977301,-0.18035673,1.129197,-0.4824769,0.06965743,-0.5007824,0.37746727,1.3506348,1.1651438,-1.1593096,-1.6483077,0.57923496,1.7019404,0.059483726,0.2002811,0.46889403,0.9917679,1.3230604,0.23335965,1.3038458,1.015125,1.260637,-1.5483668,0.87400126,-1.2589355,-0.61361814,0.27422273,-1.2231406,1.4419695,-1.1674817,-0.48376465,0.14222786,-0.8227416,1.0059519,0.10252845,0.32081902,-0.41978782,-0.86421925,-0.6363321,1.0675989,0.017191924,0.9906158,0.8970766,-1.2704661,1.7633417,-0.8541129,-1.0783668,-0.39470914,1.474614,-1.2710527,1.5000657,-1.3920075,0.8694678,-0.6152061,0.6497366,-1.0246344,-0.04275734,1.3129036,1.5867884,-1.155368,0.13889115,1.5235903,1.5673383,-0.6504602,1.3588216,-0.18688309,1.4611266,-1.7650297,1.430347,1.5360655,-0.7180442,1.6673876,-1.185899,-1.2979647,1.0496343,0.7336071,-0.57835174,1.3804506,1.1325605,-0.17490476,-0.78983235,-0.546709,-1.0110512,-1.2750788,1.6386406,-1.1400666,0.4383751,-0.05016451,-0.9316389,0.9659385,1.540494,-1.349885,1.2790364
330,-1.2165486,-1.387339,0.0,0.0,-1.1410317,-0.43800738,-0.83594674,0.0,0.0,-0.87728435,1.630928,-0.030530391,-1.146059,0.7677855,0.7088801,-1.3680536,-0.5338478,-1.0661976,-0.27660623,0.7471514,-1.2131435,0.8102427,1.7408166,-1.6373494,-1.6217492,-1.0554886,-0.058484938,-0.15579933,0.5486245,-0.95178646,1.650067,-1.5620577,-1.3212128,-1.5696657,-1.5537388,0.96893984,1.5165321,-0.08441973,1.2700224,0.7749916,1.3480995,-1.3501248,1.436761,-0.17850642,-0.62417614,-0.71137327,0.47104788,1.2769978,-1.7079005,1.0883623,0.49370793,-1.2372826,0.4124752,0.85011464,-0.9026121,-1.4177816,-0.76027805,-1.7279688,-0.8396105,0.14050543,0.095247336,-0.74407816,-0.53831154,-1.2280262,-1.512315,-0.7729196,-0.26172113,0.3731021,-1.113919,0.37507647,-0.58202195,-1.2409382,-0.65873873,0.7450453,-0.43023774,0.5537668,0.52260613,0.43415597,0.06495471,-0.6373729,0.56937677,0.7163011,1.1607857,-0.56446904,1.1715198,-1.2567198,-0.27217615,1.8960109,-1.0512476,1.1524894,-0.8991064,-0.905114,0.49479976,-1.5347024,-1.5630835,-0.8465601,-0.97606134,1.3957459,-1.5689003,-0.4454949,0.7725158,0.11118009
331,-0.9113799,-0.60990876,0.0,0.0,-0.16833295,-0.79238755,-0.8302837,1.0,1.0,0.7044989,0.8076374,0.2682302,-0.7246318,-0.10839561,1.8794825,-1.4479852,1.0376912,0.58962905,-0.020139113,1.6570315,-0.51015043,-1.5059875,-0.5744629,-0.649388,-0.022472251,1.0361068,-1.2173775,-0.69561046,-1.0227494,0.717721,-0.5470261,0.45948282,0.81428754,-1.0738597,1.6181196,-1.0847673,-0.6398407,1.3957866,1.6247455,-1.0857997,-1.6419829,-1.2415663,-0.66088665,-0.49399632,0.5330097,0.07068619,0.40033853,0.2261192,-0.10792233,-0.5931182,-1.2360427,-0.26418632,-0.71675456,-0.38899076,-0.94958323,0.41589555,-1.225982,-1.4567025,-0.7383004,-0.86033654,-1.119507,1.5143209,0.09599299,-0.45027483,0.7092654,0.14358461,0.20946114,1.1429158,0.12169432,1.2236103,1.2041758,0.6712149,-0.38683018,1.1319135,-1.4172087,-0.38648045,0.7766489,-1.6053329,-0.5644561,-0.057365697,-1.057252,-1.2768085,-0.5716696,-1.1016285,0.8292723,0.8501286,1.7701226,0.46657714,0.20419534,1.2196817,1.6909356,1.5576397,-0.58006555,0.6834677,-0.18919791,-0.97105086,-0.44898096,-1.2988299,0.77320105,-0.633002,1.5807785,0.90880126
332,0.28586948,1.0440083,0.0,0.0,0.7833284,1.5041183,-0.3523194,0.0,0.0,-0.19120134,0.12871298,0.7482767,1.0744095,-1.5907742,-0.5245925,-0.1427028,1.5517257,-1.2720332,-0.7923145,1.1737623,-1.393163,-1.2803787,-1.3878326,-0.0049192174,-0.84949833,-1.3115993,-0.33574924,-0.8152902,-1.5326053,1.0534,-1.0127636,1.1208323,1.0825707,-1.1651843,1.1079656,-0.9730614,0.526608,-1.3859187,-0.36734363,1.5155997,0.39559525,-0.00025133477,-0.22166331,-1.3177185,-0.959601,0.3557363,-1.4003874,0.16137846,1.509305,1.0460175,0.6570591,1.5812993,0.3039301,0.75724953,-0.14847313,0.1532608,0.95434237,1.393465,0.81884533,0.9070366,-1.5841196,0.38774854,-0.15779412,0.99447453,-1.4230453,-0.19718982,0.8399838,-0.79648995,1.511832,-0.52222776,-0.87148726,1.3445195,-0.86180335,-1.3449659,1.4672108,1.4909374,-1.1980869,0.2895522,-1.6012696,0.9801582,-1.5898132,1.2662377,1.2332435,1.3945965,0.3574816,-0.17421532,-1.1321728,-0.11736827,-1.5239372,-1.5058059,-1.3384341,-0.9160724,0.8175424,-0.6660713,-0.8793393,0.070002005,-0.46539417,-0.86433655,-0.6664268,1.6628144,-0.46445498,0.25857916
333,0.25252712,-0.3505479,1.0,1.0,1.0341711,-1.358568,0.20937489,1.0,0.0,-0.19522172,-0.26222908,-1.5863235,-0.80421484,0.37851828,-1.0814884,0.35113245,1.2991056,-0.6119754,-0.67547226,0.06189784,1.3056824,0.53353894,0.9564006,-0.018258534,-0.5803719,0.9974746,-1.0050688,-0.302058,0.35292953,1.1635542,-0.05297626,-0.5107091,-0.6871355,0.7397103,-1.227875,0.38329366,-1.236289,1.657364,-0.80632555,1.6276174,-1.3199836,1.2197098,1.2409642,-1.5002875,-1.0368689,-0.7659515,-1.514197,-0.19378157,1.1091801,1.0589268,0.64812976,0.9666388,0.29717943,-0.25289327,1.454674,-1.5708998,-1.3504318,0.36715832,-1.408847,1.6537464,-0.47834775,-1.0365156,1.0522046,-1.6790953,0.69246954,-0.8867491,-0.9683925,1.4809272,1.0485811,-1.5316596,1.5719175,0.47507885,1.0720259,1.6239221,-1.3946443,0.8823092,0.24040782,-0.25140658,-1.0224087,1.1036125,-0.5286853,0.027185293,1.5767853,-0.71925277,1.2734666,1.2558242,-1.2226055,0.30904973,1.4587369,0.44938174,-0.85194874,1.4976708,-0.7809312,1.1380306,0.9850206,1.0081434,-0.7716012,-0.86727214,-0.14826748,0.23850065,-0.2975202,-1.405987
334,0.84176075,2.2702212,1.0,1.0,0.7338873,1.3499637,0.41756353,1.0,0.0,-1.2121935,0.54548806,-1.6458713,-1.3667346,1.6666847,0.75450695,1.5834717,0.7165647,0.3371699,-1.1128395,-0.67350143,-0.33505404,-0.82556736,-1.5375221,0.9159554,-0.66741747,-0.50099033,-1.447852,-0.1758643,-0.9335952,-0.5384275,-1.7533026,0.104091786,-0.36821073,-1.4002135,-1.6238571,0.34726155,-0.35356474,0.28786707,-0.61064124,-0.47144336,-0.83825177,-1.6133803,-1.3129371,-0.7905348,-1.610135,0.7321099,-1.7711833,-1.2845998,-0.014533038,-0.19907033,-0.17066461,-0.6516961,0.14061983,-1.0835013,0.31994906,0.2399541,-0.38412333,0.5363973,0.8996947,0.30728167,0.07028814,-0.059338152,-1.5789105,1.2169682,1.0857561,0.010347653,-1.5638126,-0.62151027,0.9627487,0.5249699,-1.6505291,-0.31699887,-0.011366148,0.23672849,1.0334079,-0.6344394,-0.15932845,0.041656967,-1.4386134,-0.7282315,0.6677168,-1.6031659,-0.2541508,-0.14640455,-0.45485115,1.0717502,-1.6464769,1.7357454,-0.27047446,-0.81432635,-0.50870144,-1.1894747,0.54683596,-1.7257762,1.6493114,0.82919526,-1.4314444,-0.30440184,-0.20226268,-0.037883606,1.5875851,-0.51939803
335,0.62237483,0.41139728,0.0,0.0,0.11724577,-1.6320118,1.1940839,1.0,1.0,1.4807762,0.058863055,0.5303144,0.2147754,1.0363059,-0.5711485,1.0745344,-0.9705679,-0.07740458,-1.3608581,1.0050225,-1.7141137,-0.4668193,-0.7730093,1.023328,-0.6492528,1.2228574,0.19311486,1.5091919,1.5312626,0.6703142,-1.2472134,-1.2490213,-0.5325858,1.0673767,0.7488872,-0.22592463,-1.3829772,0.8086521,1.6322355,0.26325342,-1.6857252,1.0091121,-1.214316,-0.97386086,-1.1086812,-1.3942473,1.169432,0.6062386,-0.21308023,-0.15249231,-1.1954818,-1.4173092,-0.6994065,-0.61238134,1.2325461,-1.384534,0.659293,0.048236635,1.4263018,-1.6778896,-0.15971048,-1.295168,-0.6569101,0.91805184,1.4215931,-1.3898603,-0.4008713,-1.5250742,1.1181612,-1.4886358,0.7390933,-0.5437556,-0.6063147,-1.2616472,1.7419446,1.0655243,-0.6690532,1.3807344,-0.36065108,-1.2681006,1.3591511,-0.40940094,-0.6412409,-0.25782248,-1.2969222,0.040064022,0.19901548,-0.83409405,-0.33044472,1.155882,-0.6955169,0.9373346,-0.4792676,0.88700706,0.7431584,-1.146596,-0.9487959,-1.5054595,-0.5024364,-0.6767693,0.38229468,1.0577549
336,1.4635421,1.3958619,0.0,0.0,0.8500067,-0.8450503,1.7083297,1.0,1.0,-0.42238885,-0.8006917,0.93569016,1.7357775,-0.79598343,-0.30367222,-0.4825496,1.4614685,0.30634856,1.2426163,1.4646004,1.4094017,-0.1333424,1.031556,0.44457865,-0.7920118,1.135413,-0.8394644,-1.0961729,-1.2909126,0.39963138,-0.9743244,0.45472962,0.9312807,0.654685,0.12137667,0.56854385,0.09175442,1.1220499,0.38060126,-0.36333272,1.097075,-0.998568,-0.43581372,0.22046208,1.4882208,-1.5638174,-0.6576682,-0.17829446,0.88605976,-1.0436957,-0.43958792,1.3583754,-1.5648733,1.3130573,-0.8900259,-0.04270768,0.20809689,-1.2360731,0.8435144,0.19139396,-0.26753923,0.080371745,-0.21454638,-0.4923739,-1.2645369,-0.31910762,-1.0096065,0.7580363,1.5906351,1.7420852,1.3777175,0.17480928,-0.58801675,0.28488022,0.40740764,1.2539374,-1.6189896,-0.2564742,0.28582585,0.8209844,-0.8046728,-1.0479193,0.9545429,-0.014924477,0.14685427,-0.4689141,0.64314383,1.605884,0.9452805,-0.9810097,1.4892442,-1.5848427,-1.5276423,-1.678513,0.3554026,0.7497813,1.5635678,-0.99139434,1.2487144,0.71785647,0.3781099,-1.4897329
337,-0.44390652,-0.1796718,0.0,1.0,-0.2660595,-0.26112366,0.10676393,0.0,0.0,1.7150799,0.84270865,1.2758524,0.8398695,-0.0055536083,-1.0072734,-0.2837522,-0.089405715,-0.5570061,-0.39912766,-0.046908792,1.2161237,0.036956936,-1.5309553,-0.17236204,1.3787018,-1.2197721,1.3822011,-0.106840655,-1.4365134,0.254726,1.2368956,0.83766943,-0.9551872,-1.425806,1.3426342,-0.72328144,-0.31913832,-0.6222265,-0.4201174,-0.80428404,1.406828,-1.2870557,0.10858362,-0.4930251,0.8876724,0.56770957,-0.80490106,-0.70390177,0.49374306,-1.2479453,-1.4170572,1.4255327,-0.033950377,0.56877464,1.3184495,0.46847272,0.3089141,1.3871993,0.6040687,-1.0389239,-1.3853232,-1.4778135,-0.22860451,0.3150893,0.21253502,1.3533494,1.244811,-0.31242412,1.574104,-1.0889288,-0.20524313,1.5487508,-0.2984399,-0.99807686,-1.1833327,-1.1308833,1.3501188,1.1667202,-1.4034541,-0.6391126,-0.73466015,1.2409736,0.415148,-0.91600245,-0.28716567,0.74088603,-0.6631257,-0.011549423,0.82597744,-0.5089755,0.5968348,-0.17512333,0.97299176,1.2636654,0.29205948,0.63900024,0.67127806,-0.5201851,-1.4779102,0.5583218,0.75700575,0.9474694
338,-0.14644337,-0.765406,0.0,1.0,0.8709309,0.05410211,-0.14691177,1.0,1.0,-0.41811553,1.7113422,-0.50254893,0.18279696,1.2743237,0.32126758,0.10079251,-0.5328604,1.1970259,-0.44833148,0.34031618,0.33876553,-0.15039688,-0.24023831,1.3214718,1.2018064,1.4824008,1.1317617,-0.41349465,1.3761224,-1.3642975,0.26765966,0.50656915,1.4248432,0.034013104,-0.3890955,0.41762823,0.027645666,0.99952734,-0.6081912,-1.4544832,0.45553726,-1.4203376,-0.24475788,0.9904227,0.90776837,-0.9003989,0.122476965,-1.4479496,-0.68500215,-1.2114432,0.36395177,1.3935204,0.9851354,0.89932936,-1.5442538,-1.2904564,1.6255541,1.4262462,-0.4957225,-1.3271921,-1.3355016,-0.7983462,1.5726901,0.31645423,-0.6826964,0.62380725,0.7840417,-1.3620517,-0.2998138,0.22677517,1.5157326,-0.68052757,-1.1752957,0.070226766,1.577209,0.6577823,0.27590695,-1.1584264,1.3414394,-0.76451564,0.36717469,0.86806893,-0.40213344,-1.1100148,0.020538243,0.65100527,-1.1429042,-0.87358963,-0.9931874,0.9376911,-0.3096659,-1.1303109,0.7089752,-0.41370988,-1.5052011,-0.33499062,1.4500864,-0.8153909,1.0327905,-0.8918188,-1.2513306,-0.7456888
339,-1.567438,-1.5243635,1.0,1.0,0.020596921,-1.4099585,-1.5995623,0.0,1.0,-0.9403767,1.1884017,-1.6860261,1.4333113,-1.1635089,1.4349799,-0.24146807,-0.5969864,-1.0030174,0.17149179,1.7165126,0.06675937,-1.5445105,0.6973012,-1.6277146,-0.25030017,1.3477174,1.1850828,-0.53978246,0.9346856,1.1395575,1.346499,-1.542375,0.8323065,0.8960247,-0.958917,-0.91470325,0.6476181,1.3371754,-0.64542013,0.67253846,0.32087857,-0.6394635,-0.6231859,-0.6342285,-0.33039707,-1.5322131,0.08976053,0.41375437,-0.7174674,-0.28943226,0.6854254,1.2372038,0.18569861,1.6986223,-1.3717499,0.34985265,1.5708969,1.3874403,1.2539512,0.48393378,-1.5857159,-1.081124,-0.81573486,-0.2975993,-0.33978012,-1.0214608,1.3699517,-0.47398567,-1.5489084,0.70996684,0.16264103,0.20055117,-0.17881328,-0.7069186,0.018791474,0.69425815,-1.3030584,-0.2882821,-0.755198,0.96866083,-0.31748012,-0.09320582,0.32367685,-0.7804605,-0.93810314,-1.6441396,1.6089977,-0.9203701,-1.0178128,1.2753578,1.7079717,0.40013865,-0.39762515,0.57309407,0.31412324,-0.6226983,0.42739514,-0.32440922,0.25018734,-0.3522613,-0.38574034,-1.5499748
340,-0.31314716,-0.30278665,0.0,0.0,-0.111414276,-0.3578578,-0.20746487,1.0,0.0,-0.3958483,1.2132087,0.8015645,-0.6284876,-1.7198275,-0.15396436,1.1790718,-0.6744032,-1.2916715,-0.9179828,1.3140525,-0.25730297,-0.1458868,1.5376669,0.20827144,-0.6926133,-0.91610384,-0.61215985,-0.68732435,-0.8406325,-1.473796,0.97624797,-1.2694657,1.0128807,-1.4077226,-1.2239463,-0.7899854,0.7371843,-1.6601056,-1.5681628,-1.7309911,-0.9959343,0.28720704,-1.6636086,-0.4318416,1.232101,-1.479873,0.4574694,-1.180488,-1.0831867,0.68586123,-1.6433313,-1.3391808,0.6083996,0.6351326,0.9437048,0.15107192,0.74708104,0.61966133,1.0588703,0.712283,0.41436958,-0.9967262,-0.09117302,-0.45960754,0.8867994,-1.5479679,-1.6270512,1.1721882,-1.1790018,1.6110909,-1.3034096,0.8547184,1.4189622,-0.6993096,0.9689599,0.31735632,0.25014585,0.6602275,0.7128081,0.56282926,-1.1851599,-0.58458793,-1.1051103,0.86649585,1.4367009,0.51782125,1.2585435,1.7844465,-0.41396254,1.2727659,-0.54051936,0.60325575,0.35825217,0.09599404,0.6245963,-1.425039,-0.16462626,-1.1602447,0.093111835,0.71879154,-1.4253118,-0.7259463
341,0.40040317,0.16735011,1.0,0.0,1.6876254,-1.2001926,-0.38992652,1.0,1.0,0.043082677,-0.16815557,-1.6690615,1.2154679,0.9311261,0.51039,0.23952879,-0.80284035,-0.017481884,-0.6709502,-0.7421025,-0.8992844,0.6525705,-0.19358334,1.5928266,-1.6872741,1.558473,-1.3619752,-0.94616807,1.4371767,-1.3389163,-1.7354074,-0.4907019,-1.2235277,0.11456206,-0.33594957,1.0793768,-0.041695025,0.9677187,-1.0770607,-0.61421174,-1.4121999,-0.94370234,-0.20402294,-1.5343964,-0.5994453,-0.034583244,1.3460882,0.32650402,-1.1238114,0.39780003,-1.6029955,0.16740279,-0.78808737,1.5298929,-0.090001374,0.7028016,0.6622406,1.0068547,1.3104278,-1.2397151,1.7152904,0.8229978,-0.49663293,0.45270756,-1.3808477,-1.2115031,0.24198025,0.4720708,1.3096108,1.2248062,0.628185,-0.0141019495,0.13470393,1.6993911,0.9975568,1.3299131,0.39931712,1.1822844,-0.7322051,0.09084142,-1.2392783,1.6223559,-0.7512143,1.3731581,-0.57887506,0.51769185,-1.649867,-0.9243524,-0.8290505,0.7803032,0.070561655,-0.13371092,-0.2635228,0.39415222,-0.5343666,-0.7961649,-0.56112164,1.7475629,0.52190536,-0.1443809,-0.49547,1.3799195
342,0.17054959,0.30222356,0.0,1.0,-1.0463513,0.62728024,1.0415558,1.0,0.0,-1.5234362,1.4184697,-0.9618819,-0.8692148,0.916788,1.1620686,0.3272492,0.47970206,0.74583733,1.4888716,-0.86440575,0.5904624,0.8515435,1.067818,0.8262912,-1.0192086,1.2651823,1.5728866,-1.6740141,-1.2095453,-1.0304624,-1.4638166,0.42225984,-0.7988235,-1.1578604,-1.6692218,-1.572362,-0.96703863,-0.4952931,-0.19614741,-0.89117867,-1.1434578,-1.3141786,-1.14231,0.69849825,1.1135515,-0.9686109,1.5487099,0.62788147,0.22357444,0.36181575,1.0147284,-1.4349436,-0.6761342,-0.86204904,-1.7219635,-0.6516903,0.46206918,0.8607237,-1.1834663,1.24287,-0.737211,1.4537373,-0.3275706,-0.20666559,-0.014934939,-0.7559975,1.7758249,0.77911276,1.0604746,-0.08419082,-0.52304655,0.12866521,-0.34615946,-0.0032008924,1.3079727,1.3837119,-0.8929715,0.96239316,0.80435276,-1.4700283,1.4178559,0.20137487,-0.7715427,1.6523778,1.3347406,-1.2891536,1.1601639,-1.6808747,-0.11870232,0.74652034,0.1066626,1.3466336,1.4450327,-1.0455198,-1.7035025,-0.7835239,0.5942156,0.6700526,-0.55513364,-0.6316096,1.4653462,-0.30459607
343,1.6800938,1.3829931,1.0,0.0,1.6288525,-0.6222571,1.1191406,0.0,0.0,-0.04898167,-0.59059626,-0.985209,1.4682648,0.53676385,-1.0335702,0.475761,0.68537176,-1.5299228,1.2504456,-1.2230084,0.8575829,0.49296993,0.3425931,-1.1757208,-1.6309123,-0.5326529,-0.9956693,-0.8149511,-0.9474695,0.86747354,0.9493972,-0.34835368,-1.0163451,1.0213426,1.5922807,0.9098729,1.6431353,-1.6440326,0.13630599,-0.45381817,1.5900102,-1.6963117,1.5395048,0.5875566,1.6341171,1.6387691,0.053986564,-1.2718606,-1.1852634,0.013757858,1.1509665,-0.60235846,-0.92045724,-1.1924764,1.1753713,1.607531,-0.6696732,0.38904807,0.51493543,-0.42905653,0.8523974,-0.8279596,0.27203244,-0.3963291,-0.75221145,0.5785526,1.4219145,-1.226042,1.2782156,-0.45046297,1.6884348,-1.3665408,1.2201319,-0.44808564,0.025849078,1.0919064,-1.6877192,-1.350912,0.5220064,-0.496092,0.83535177,0.8964694,-0.9585395,0.9724973,1.6746596,-1.3846003,0.5056219,-0.5503653,0.19225545,1.1395983,-0.8582515,-0.12677987,-0.70599556,1.39033,0.2551474,1.6975021,1.1326987,0.97485554,-1.4955028,0.93563324,-0.22962508,-1.4192554
344,0.91651976,0.93773985,1.0,1.0,0.063031435,-1.7341247,1.6202881,1.0,1.0,0.5153833,-0.1863644,-1.2003627,-0.18142347,-0.11002691,0.1706812,1.4676569,-0.31872106,1.6128916,-1.0265262,0.03850296,-1.6164218,1.436154,0.56735796,0.5111428,1.081076,1.2237881,-0.13726975,1.4551077,-0.90854794,0.70156354,0.5202183,0.15952846,0.57121813,-0.7134839,-0.4312037,0.4917518,-0.7274188,-1.3478911,1.6695789,0.7263449,-1.3275484,-0.47468433,1.044028,0.11311703,-1.159412,-0.24973962,-0.5560437,0.8450491,-1.6075292,1.6285943,-1.0144811,-1.5760763,0.9900972,-1.6879016,0.28345314,1.6501225,-1.3730919,0.893678,1.3419554,-1.6420263,-0.25466153,0.8325914,-0.7266247,-1.065475,1.4477625,-1.4193289,-0.46124095,-0.20016272,-1.5844502,-0.90238583,-1.6763623,-1.1497791,0.8175778,-0.5578104,-0.83390945,-0.5850586,-1.5381333,-1.6834012,1.4350735,-0.62991405,-0.89939946,-0.53190774,-1.3923222,-1.7545558,-0.7982378,0.3239442,0.33671233,-0.2835404,-0.8420858,0.41832894,-0.4495254,1.57618,-0.30272928,-0.8620332,0.23548037,1.4294568,-1.1784507,0.31135756,-1.254374,0.7781594,-0.88806826,0.8866369
345,-1.0725887,-1.7760384,1.0,1.0,0.6194578,-1.4821101,-1.2428073,0.0,0.0,0.27753705,-1.4940867,1.352743,-0.8760115,-1.7661347,-1.6353773,1.2441765,-1.5984342,1.3901217,0.71911234,-0.29848206,-0.017249232,0.09671567,-0.84441906,-1.47624,-0.28598636,-0.65718675,0.84703565,-0.032115683,0.2080673,-0.9761516,-1.144078,1.4649801,0.9992764,1.3554115,1.5059537,0.43514955,-1.3534857,1.0063269,1.374672,0.06446613,0.67424697,-0.30721113,0.90970874,0.012601306,-0.18365984,0.25714886,1.1364515,-1.1477079,1.1933885,0.48423785,0.027002448,1.7477427,-1.4046526,-1.7206246,-1.2160318,-1.5839947,-1.0249678,-1.3674208,0.60092854,-1.0535915,-0.5119678,1.4991705,1.5882004,-1.760346,1.1713283,0.7681252,0.9579385,1.2099243,-0.857623,1.427655,1.1722316,0.6310044,0.80741036,0.28658012,-1.4820961,0.133177,-0.2068568,-0.26757675,-0.23795277,0.3185261,1.4946619,1.1525759,0.47281557,-0.074951574,-0.4389271,-0.34258685,-1.1054455,0.50410056,0.59633327,-0.8759546,1.48821,-1.5141098,0.587635,0.43968925,1.7662838,0.55320233,0.58932585,-1.5683608,-0.28379798,0.98471665,1.518795,-1.1097527
346,-0.7699986,-0.5144227,1.0,1.0,0.4469127,-0.26295298,-1.0834414,1.0,0.0,-0.86460054,0.0191619,-0.2640703,-1.44446,0.6436376,-0.04944881,-1.660671,0.5339802,0.794448,0.5742371,1.5745659,-0.96819276,-0.6332295,-0.7222105,-0.67625326,-1.3937043,-1.3079212,-1.0150269,-0.84518135,-0.013671894,1.3985163,-0.16014287,-0.5388608,0.2771712,1.3184134,-0.98278743,1.6666368,-1.2406248,-1.3844029,1.4720048,-0.6173136,1.0966513,1.4229057,-1.3007481,-0.8932068,0.84901065,0.5254279,-1.5391062,-0.35508496,-1.6004914,-1.5103519,-0.7659948,-0.69196665,-1.0510011,0.7553198,-0.3428114,1.376272,1.5556222,-1.7434831,0.3031231,1.6052136,1.6175711,-0.032625083,1.1437992,0.7874176,-1.0675385,-0.8646923,-0.85148555,-1.5660144,1.1650704,-1.3013563,-0.3564485,1.6263009,-0.13550326,0.64763194,0.5239275,-0.9022648,-0.6825876,0.09089794,1.3100618,-0.8109369,-1.1358742,0.63901806,-0.5238624,1.6411364,-1.4787246,1.4115762,-0.109868094,0.10706126,1.3503472,-0.06403651,-0.6910563,0.86388516,0.8860162,-0.5310332,0.830924,-1.0866463,0.41478828,-0.8058863,-0.33759615,-0.19745815,1.3847096,0.9831649
347,0.09628039,0.5109315,0.0,1.0,-1.3327159,0.79620314,1.0433111,0.0,1.0,-1.6792121,-0.97903085,-0.52388954,-0.43006444,1.3222846,1.8276474,1.6043183,1.3233272,0.042344544,-0.9697288,1.5704696,-0.7488054,0.46300757,1.3108437,0.91941005,1.1041088,0.43479478,1.1476557,-1.2211835,-0.16061628,0.20363976,0.25923854,0.8402517,-1.0138448,-0.87841076,0.8367148,1.5409579,0.71663195,-0.122969866,-0.9521936,0.91410786,-0.6185034,-0.49925798,-0.7530569,0.46569604,-0.86839455,0.2815002,0.22398792,-0.43282762,0.4512109,0.5048678,-1.2635514,-0.7899481,1.1003379,0.10910515,0.97787744,-1.5104629,0.7237363,0.97484326,0.87785655,0.64454746,1.6811147,0.36705282,-1.1275934,-0.7034137,-0.9273772,-0.6375024,-0.53957903,-0.71174747,-0.04621937,-0.5658345,-1.230964,0.09928168,0.05256991,-0.42635593,-0.22111365,-1.6956002,1.6201987,1.4989687,-0.7438114,-0.9162478,-0.16909568,-0.55555516,0.6890064,-0.611975,-1.2336822,-0.9857106,1.480476,-1.2396426,0.5856586,-1.2214193,0.35622853,-1.634934,-0.38227165,0.74476355,-1.3573743,1.2398202,-1.6615142,-1.0487686,0.9827203,1.6313052,0.8884005,0.5439708
348,-0.1956559,0.60444844,1.0,0.0,1.2026784,-0.18505968,-1.169768,0.0,1.0,1.0469964,0.14618456,-0.16255936,0.91465,-0.09157727,-0.049647816,-1.42279,0.53049505,0.5049826,-0.9765463,0.9851895,0.485385,-0.41730687,1.7590503,0.37736198,-1.6060668,-1.1900344,-0.8555007,1.6976444,1.2838573,0.62270564,-0.9014681,-0.942664,-0.44307014,1.373828,0.5727969,-0.018530019,1.1904175,-1.697216,1.5312592,0.7098989,-0.57076395,0.15537249,-1.5438968,1.244174,1.3804746,0.41157493,0.16293128,-1.6561261,0.16257605,1.6711537,1.7094653,0.6767722,-0.61393607,0.4540874,-0.50486934,-0.02203683,0.7172156,1.5654023,-0.75871396,-0.43862984,-0.33850718,-0.16671993,-1.0706048,-0.97890306,-0.7873147,0.5200273,-1.2525985,1.1582223,1.3477252,-0.7469948,1.7100153,-1.2480437,1.7694674,-0.43454644,1.6741112,-0.17466141,0.5059508,0.4923957,0.6246401,-0.7782036,-0.59807175,0.124953605,0.32906795,-1.1342052,-0.55760145,-0.6233224,0.40488923,-0.9277461,0.12211336,1.462872,-1.4899871,1.2023187,-0.28517845,1.7046012,1.4472959,1.2563176,-1.5508914,1.2327604,0.5310361,-0.54441386,-0.83465326,-0.21855228
349,1.4663293,1.1464201,1.0,1.0,1.6187127,-0.09894604,1.149518,1.0,1.0,1.6347893,-0.043666616,-0.26946297,0.088061295,0.09203955,-0.8311229,-0.11949217,1.0361552,-0.9852802,-1.6092215,0.5688744,0.05156181,-1.357353,1.6188897,1.0378944,-1.7164297,0.57251585,-0.7626664,-1.4766042,-0.47235766,-1.4514585,0.9312038,-1.1655152,1.5138006,1.3216116,1.1270571,1.5659117,0.7403813,0.552765,-1.2919106,0.82654136,1.4599491,-0.46405944,-0.04396742,-0.958066,-0.44564682,0.5408685,-0.83260393,0.8633222,-0.9829882,-1.256567,0.70108116,-0.46975905,-0.96160114,-0.6329722,-1.1219887,-0.5453597,-0.5935153,0.5645824,0.27035314,1.2711726,1.6842325,1.6441414,0.08690174,-0.15900415,0.20061144,1.246969,-1.2215525,-0.19589491,-0.6563482,0.17804348,1.1684004,0.4034583,0.946683,-1.1841979,-0.9144624,0.9221852,-1.5268679,-0.38165176,0.6948106,-1.1149838,-1.56289,-0.4848206,-0.33540732,-1.641726,0.2250226,0.9002416,-1.576484,0.16462386,1.7165792,0.29549518,0.027603792,0.03045423,-1.1066755,1.2229737,1.5176424,-1.4939806,-1.4438385,-0.95299315,0.7760432,-1.6067718,-0.1927229,0.003912879
350,0.47117582,0.7443807,0.0,1.0,0.90217584,1.3662356,0.29049495,0.0,1.0,-0.1984698,0.5775138,-0.7155866,-0.17985015,-1.5584424,0.30652028,-1.2326744,0.5484138,-1.2008035,-0.75957876,1.1456019,-0.26845694,0.18195887,-0.05722223,1.3113136,0.18199764,-0.5396031,-1.0398031,0.33390027,-1.1644487,0.12099241,-1.6309483,-1.0361699,-0.7797017,-0.91697204,-0.59797716,-1.1492975,0.7616944,-1.3968792,0.8572571,1.8086289,1.7043676,0.50130004,1.3481781,-1.3622853,0.6540473,1.6405427,-0.73690397,1.079046,1.590456,0.15184185,0.5996606,-0.418607,0.94279224,0.77559566,0.013939462,0.3553297,1.5885396,-1.343026,-1.7321249,-0.07001524,0.25179684,0.359316,1.4211273,-0.9155069,1.0870494,0.786573,-0.6571543,0.5638164,-1.6967219,1.5993665,-0.15556033,0.86122704,0.7180821,0.7153639,0.56812096,-0.08306938,-1.1845868,-0.022137849,1.0003707,-0.040743716,1.7135118,-1.0784675,0.50888497,1.4702861,1.5306959,0.5217498,-0.52540547,0.48254797,-1.1472123,1.6236509,-0.5617032,-0.86703795,0.090839095,-0.9980107,0.19524339,-0.8888173,1.3222228,0.35264602,-1.0218182,-0.21698599,0.28923827,-1.2368453
351,0.5347044,0.41534212,1.0,1.0,-1.2599936,-1.5578693,1.7324054,1.0,1.0,-0.72543365,-0.9918398,-1.4012963,-1.0298326,1.4184722,1.8532119,-1.1906234,0.38217068,-0.5394809,0.18380202,-1.2292094,0.5099667,1.4532859,-0.91337097,0.89802754,-1.4658713,0.73460424,-1.5321171,0.92531204,1.4814879,-1.4427369,1.7066778,0.52442133,0.8705144,1.089244,0.21237615,0.6948645,-0.045399625,-0.7622087,-1.2695813,0.47682935,-0.39672902,0.1276312,-1.3207365,-0.9208968,-1.2411768,1.298544,-1.5596642,0.2715967,-0.81302744,-0.97113216,-0.87531495,0.7988445,-0.7832952,-1.3628889,1.0496521,-0.88890976,-1.1700153,0.9438131,0.038269684,-0.078874424,-1.1071117,1.2391107,1.0942229,-0.66870743,0.94736916,-1.0167551,1.1166413,0.5815487,-0.32278788,0.5884192,-0.40633437,0.6890824,-1.7285342,-0.45527264,1.144885,1.3930753,-1.7267652,-1.345635,-0.49502182,-0.012762843,-0.8086651,1.1568179,-1.3795282,0.9716217,-1.5514828,1.659131,0.9828124,-0.009207453,-0.3315372,1.4865067,-1.3455892,-0.64278585,-0.5557253,-0.51102084,1.2226995,-0.95066154,1.0320926,-0.75399375,-0.041691404,0.3983165,1.4090676,-1.4960967
352,-0.2313801,0.18498568,0.0,0.0,-1.1902109,0.05466356,0.31560948,0.0,1.0,-0.85450345,-0.3157738,1.3489891,1.5242066,0.15488139,0.69466484,1.3867847,-0.5537279,-1.732594,1.2405443,0.00017611339,0.34831607,0.25064543,1.2935579,0.45904914,-1.0834916,-1.3609632,1.4217587,-0.1860985,1.4790717,1.0488455,-1.4721302,-0.98317325,-1.5774496,1.4632682,0.7354258,-1.4054656,1.4810809,-1.3758985,0.8931919,-0.9039916,1.5660704,-0.78331864,-1.1322981,-0.9256726,-1.0277636,0.8762513,0.54284066,1.0478317,-0.60145515,-0.63850194,-1.2412075,-0.10855282,0.5068494,1.1065851,-1.2235096,0.41411477,1.6155607,-0.76076496,-0.9757423,-1.3195164,0.4304576,-0.43589607,0.6374932,-0.74541044,-1.4700686,0.5481794,0.16887447,1.1340227,-1.2586321,1.2468542,-0.6401943,-0.15262236,-0.65588474,1.7053864,1.2259557,-1.4014988,0.581573,-1.0040245,-1.2003975,1.3124493,-1.5031278,-0.28625,-0.7230825,0.77364385,-1.5011749,-0.9759535,1.2567297,-0.014383594,0.9419317,0.78862864,0.8690916,0.86250466,-0.42083976,-1.3340945,0.70190465,-0.3846413,-1.4092107,-1.439815,0.012633177,1.2023236,0.48272005,-1.095628
353,-0.9690453,-1.65359,0.0,1.0,1.0453024,0.056227293,-1.2780067,0.0,1.0,-1.0847195,-1.5538204,-1.0366141,-1.7024225,0.8177815,-0.83624405,-1.3918656,-0.5732451,-0.21645,0.6236254,1.038297,-0.020071078,0.18497044,-1.1349952,1.0918546,-0.71371025,-0.059719153,0.20225683,-0.5266135,-1.1480745,-0.89418495,1.7219989,-0.77369356,-0.14899813,0.6545159,-1.69028,1.4097698,-1.3843255,1.5776128,0.113256805,1.1502035,0.75886995,-0.26211137,-1.1719115,-0.22773789,-1.235102,-1.5615572,0.19122164,-0.59373355,-1.1624851,-1.5560231,-0.8979511,-0.27710208,1.6128438,-1.5591378,-1.6229514,-0.4131302,-1.5504179,-1.1538104,1.0284487,0.8935388,-0.44300243,-1.033609,1.0846766,-0.37837487,0.7727418,-0.14914279,-0.9173828,-1.3345879,-0.47821236,-0.4883728,0.5417811,0.96516716,0.61228454,1.407722,0.043743074,0.011072522,-1.011205,1.1288899,1.3756434,-0.3141286,0.9634162,1.2188208,0.44060528,0.42298967,-1.6231434,-0.4579504,0.19473374,-0.08725936,1.6391147,1.460686,1.3502129,1.0478381,-1.491218,-0.68969905,-0.574197,1.3043468,-0.67744654,-0.7088991,0.7876049,0.9290765,1.6992217,-0.5128383
354,-1.0371302,-1.3194737,1.0,1.0,0.7199159,-0.81510633,-1.4156165,1.0,1.0,0.80739856,-1.7533543,0.16333814,0.96062773,1.4549502,1.0016407,0.42540848,1.2079079,0.8640596,1.5790199,-0.5745062,-1.4747688,-1.629502,0.31354812,1.3083909,1.0334656,0.47629654,0.8559338,0.44280967,-0.97813797,-1.7688459,-0.88251656,1.6083033,-0.3808575,0.8946995,-0.9792052,1.2640289,1.0454174,0.8661508,0.43975478,1.4882145,0.26409584,0.84096086,1.3633829,-0.39607048,0.9306736,-0.2357867,1.5747205,1.5918583,-1.499916,0.11797267,-0.22759351,-1.3047065,0.04115609,-0.5665341,1.3441641,1.3332609,0.1892702,1.312377,-1.2131721,-0.08572973,0.7246294,-0.45410323,0.021899361,1.1157185,-0.24788508,-0.8920737,-0.33698112,1.1213902,-0.10655083,-0.35275856,-1.1437037,-1.3824098,-1.3456824,-1.3906993,1.2643955,-0.7354858,-0.68976,0.9872557,-1.0206913,1.173891,1.0013435,-1.0261533,-0.25126716,0.6310386,0.22172724,0.39689547,0.645287,-0.2963718,0.5599177,1.6842502,1.4207019,-0.82122034,-0.8213944,-1.1934513,-0.3171667,-1.559321,-0.70315397,0.28617778,1.1870167,1.3217301,-0.9442496,-0.45489633
355,0.11420591,0.07923567,1.0,0.0,1.1780503,-0.04171879,-0.80018026,0.0,0.0,0.7462914,-1.0188,1.2508999,-1.2384636,1.6255541,-1.4652351,0.52104783,-1.1022341,-1.2624819,0.12715286,-0.42230323,-0.17819065,0.7843893,-0.5199848,1.0664865,0.26991045,-0.64624286,1.1805917,-0.70463634,0.114541456,-0.55785555,-0.5157359,-1.3480688,1.181022,0.68952256,-0.042883724,0.08367158,-0.041213576,-0.18315496,0.5713857,-1.6688004,0.10626647,1.4089502,-1.3866081,1.2665863,-0.47233975,-0.030591065,-0.13709572,1.5131284,0.7386083,-0.30917758,-0.05161133,-0.3531831,0.047326677,-1.6652448,1.1439028,-0.76914483,-0.9103419,-1.4350321,-0.95032895,1.027701,-0.3597771,-1.4789413,0.68514556,0.79951215,-0.049202945,1.3043404,-0.18705076,-1.5088826,1.3684796,0.07013179,-0.765503,0.42825723,0.027052913,-1.6941907,-0.6824978,0.81128013,1.2579287,1.4886241,-0.21725905,1.1177609,1.7237549,1.6579074,-0.32604066,-1.0929041,-1.6125103,-0.2739068,0.027555667,-0.17039439,-0.20257823,1.3701031,1.3873012,1.4130433,0.46431214,-0.45029482,0.60453266,-0.98857456,-0.56765765,1.2209046,0.18164873,-1.4991455,-0.89912665,-0.37853158
356,-0.3075211,0.40276772,1.0,1.0,1.2927941,1.2069982,-1.2787784,1.0,0.0,-0.68147653,-1.0730994,-1.6178154,0.4622238,-1.420446,1.7200335,1.620107,-0.34652016,-0.9285072,0.32939786,1.1054279,0.5821203,-0.7004729,-0.5155081,0.59981316,0.37842074,-1.2831055,0.41604,0.4334125,0.94809043,-0.39079565,-0.9665198,-1.0315263,0.19429885,-0.76047444,1.5109677,0.06069475,1.4508907,-1.0297813,0.16425128,1.6975453,0.32775378,0.38990635,-1.6040419,1.1836219,0.6320677,-1.1040872,1.476702,0.85016704,-1.3675909,0.43924922,1.7392359,-0.2323644,0.68846387,-0.3311664,1.3241327,-0.35183033,0.29069838,-1.6180662,-0.4044118,-1.4835654,0.49075964,1.2073963,-1.334709,0.08212113,1.0885596,0.23001155,-1.0240179,1.3594977,-1.2282143,1.8265326,-0.08726675,1.0936873,-0.29516298,1.457059,1.0302936,-1.2701943,0.4940932,-0.56896895,1.3477191,-1.187201,-0.83185184,0.21980187,0.13015145,-1.0817965,-0.01886809,-0.5161163,1.6629474,-1.5219586,0.8786129,1.234002,1.50695,-1.046931,-1.3068782,-0.713524,-0.58430195,-1.5048887,1.687092,-1.0279282,-0.29278502,-0.76179856,0.6806605,-1.3456305
357,0.031087073,-0.7188407,1.0,0.0,-1.7993762,-0.8253136,0.7382379,0.0,1.0,1.5831399,0.9275494,-0.9824149,1.4594827,-0.77071506,0.9950166,0.51733303,-0.46608543,0.49285105,-1.235405,1.1907548,-1.5975997,-1.025647,-0.6928279,-0.33559147,-0.5928871,1.4721259,0.7173721,0.6514998,1.1157415,1.2869987,0.14565176,-1.1021986,-0.93872464,0.60278773,-0.72374207,-0.77237415,0.7674465,0.20305583,1.3153377,-1.2180483,-1.5984149,0.3420648,-0.9410361,-0.03586108,0.24585752,-0.94361573,-0.3562386,0.2451736,0.70359427,1.2910961,1.5570682,0.8801442,-1.3459772,-0.014228358,0.79201734,-0.06618713,1.1916832,1.4382312,0.77387846,-0.80878264,1.470829,-1.0534644,1.7001972,-1.7023915,0.840877,0.7737372,0.36312175,-0.2624646,-0.6497485,-0.4707832,1.1407706,-0.81063133,-0.5243109,1.4074829,-0.31923056,0.00577657,-1.4919263,-0.10472826,1.6157981,-0.25314918,1.7660055,-0.95080054,-0.49589223,-0.027182003,1.2344797,-1.4253432,0.71172386,-1.0509524,1.3381971,1.1160944,1.5245435,0.51217157,-0.79312354,-0.041406054,-0.3481632,0.9400676,-1.4493543,0.42632023,1.5613289,-0.19760285,0.92314446,1.5441816
358,2.0340683,2.3570788,1.0,0.0,0.8895805,1.209227,1.4637004,0.0,0.0,1.1211319,0.9419949,-1.2596631,-0.48852587,1.155291,-0.3228354,-0.27980298,0.4549273,0.6402678,-0.970675,-0.6296696,-1.2503842,-1.4046283,-0.15976784,-1.5630444,-0.53277826,-1.1163384,-1.1015568,-1.0557346,-0.67720085,0.5622534,-1.3035941,0.7244721,-1.3019953,-1.0590539,1.5693141,0.3803804,-0.65323955,0.98384917,0.84709364,1.756409,1.4031993,0.26790398,1.426994,0.4853682,1.1679074,0.8300199,1.5801094,0.31003866,-1.150586,-0.06927042,-1.3762785,-0.5286399,-1.6696395,-0.54578286,-0.15668611,-1.492939,-1.5421653,-1.1392869,0.39598253,1.7647265,-0.9147562,-1.5439904,-0.2271237,0.24077311,0.9534114,0.20350309,1.212918,-0.5672716,-1.4629297,-1.0745275,0.49890295,0.7001983,1.3083528,0.91594666,0.29699343,-1.2487622,1.339607,1.0580906,-0.7060738,1.0813335,-0.3383202,1.4287438,0.23545069,0.91969055,-0.50237304,-1.4355584,0.08680658,0.34103715,1.5434802,0.22403428,1.3268824,-0.28723383,-0.9127659,0.12007132,-0.9669389,-0.71644664,0.17690961,0.27211916,0.14266203,1.3169365,-1.076583,-1.3225096
359,0.26755768,0.24791333,1.0,0.0,0.42803314,0.33886564,-0.33759916,0.0,1.0,0.25496167,0.22402857,-0.39881217,-0.6048533,-0.6699117,-0.013390521,1.2774094,-1.4074048,-1.7112075,-0.91235363,-0.99853134,-0.90829074,-1.5034509,1.5490513,-0.8395058,-1.3195753,0.52628285,0.24075754,0.54198503,-0.03095798,1.0840654,-1.301376,-0.80525917,0.7406217,1.290377,-1.2299423,-1.5139974,-1.5957034,-1.4114454,-0.013234352,1.5113168,0.673347,1.2809325,0.6240927,1.5220685,-1.5214942,0.73700804,-0.42760974,-0.25056446,-1.1268768,0.1135175,1.5753206,-0.8112954,1.3713372,-0.5560071,1.1737014,1.599802,-0.965925,0.2161066,-1.1127689,-1.0427448,-0.7845757,-0.9071963,-0.36461145,-0.05148171,-0.20304394,-0.031140443,0.5900216,-0.8945027,1.469974,0.015598212,-0.8890215,0.9999461,0.7738911,-0.30125323,1.2803965,0.4589376,-1.5589173,1.6631154,1.1387285,-0.5978153,-1.2773005,-0.7634383,0.61732674,-0.12390676,1.3186795,1.6048589,-0.57028544,-0.75172615,0.42721447,-0.70343155,0.08608837,1.3210471,1.0208275,-0.87041944,0.8817439,-1.4064411,-1.4005913,0.97029465,1.5237528,-1.2804801,0.29304117,1.3949766
360,1.7539614,1.9176952,1.0,0.0,0.17919302,0.15816067,1.7189257,0.0,1.0,0.9750103,-0.6712888,1.1416943,0.108470865,0.9365729,0.9415123,0.6844391,0.19185482,0.64757806,-0.32479683,0.5802046,1.6440076,-1.6121513,-0.10783226,-1.5152032,1.0744764,1.1842166,1.5993335,-0.9419174,-0.7703511,-1.6617231,-0.60099334,1.5637181,-0.7635652,-0.3766271,0.47095063,-0.85249734,0.8982362,-1.711871,0.14728476,-1.3269554,-1.3255312,1.2189653,1.7104247,-0.41571072,-1.137216,-1.6623098,0.24963363,-0.8969013,-0.5368398,-1.6426958,1.735671,1.5531635,0.7607921,-1.014347,-1.693726,-1.3193505,1.6203809,0.44552085,0.43010804,0.8720293,-0.9052055,-1.5713215,1.0152063,1.4467944,-0.7311664,0.9594662,-1.4101954,-1.0435144,0.5216251,-0.48288953,-0.51112586,1.1538156,-0.8029943,-0.17942801,-1.0109639,-1.3624231,-1.1468811,0.4915109,0.024522962,0.35918808,0.10402568,1.0386176,1.1200998,-0.48623902,-1.450313,0.42035952,1.444649,0.6208562,1.5369071,-1.3789749,-0.7326027,-0.27593222,1.0226958,-0.29694614,1.1208093,-0.79736465,-1.6814157,-1.0866951,-1.6359295,1.157468,0.04168119,-0.65006983
361,-0.7527359,-0.9949578,0.0,0.0,-0.91256505,-0.6786093,-0.2961309,0.0,0.0,1.129238,-1.0445458,0.4585719,0.67704844,-0.06640159,1.0076916,-0.24350677,-0.7560481,1.4357169,0.16663074,0.26068717,1.6820456,0.7854086,-0.12664744,-1.201468,1.6841416,-1.1660439,1.0286803,1.7481437,1.0714066,1.3584827,-1.5293117,0.65838516,1.0705799,1.4011046,-0.026420292,1.1495163,1.1910214,-0.71184593,-0.19065444,0.54869705,-1.592285,1.2650567,0.9239867,-0.87244934,1.0295156,1.1094477,-0.20616971,-0.79679483,-0.065036714,-0.32639474,0.9038698,-0.3118781,1.518011,-1.7493201,1.4847894,1.5766068,1.2360517,-0.22087885,0.11272076,-0.2679778,1.2887853,-0.8805248,0.6719761,0.77754503,0.82412523,-0.47804537,1.3158315,-0.3946743,1.5725958,1.4118894,0.42902118,0.28797388,1.6668892,0.5932426,-0.92599404,-0.544482,0.23925328,0.09610847,-1.6370674,-1.334669,1.2460341,1.115351,-0.5953674,-1.4717877,1.5008656,1.52666,-0.733858,0.05069481,1.0309258,-0.38095233,-0.43726486,-0.8049758,-0.36889777,-1.1444274,1.0569865,-0.31858805,1.4191701,1.045396,0.046665218,-0.155145,0.03193896,-0.22581895
362,-1.1129725,-1.7805979,0.0,0.0,-0.14805277,-0.36728033,-1.2042359,1.0,1.0,1.493069,-1.5001798,-0.18957043,-0.4070011,0.6925135,-0.16801839,0.8786639,-1.2577571,-0.5196833,-0.40296385,0.76144135,1.5878057,-0.39318502,-0.33793047,-0.48358652,-1.7272105,0.3735063,-0.6097863,0.35129446,-1.3712306,0.21932848,-0.89946485,-0.9315334,1.470277,-1.558418,-0.6973799,1.244894,-0.32336003,-0.8423059,1.1890188,-0.09221882,-1.4795045,0.113003016,1.1663588,-0.53169227,-0.681235,1.3323236,-0.45745146,1.2962438,0.8743077,-1.134837,-1.5135806,-0.35763717,0.36137268,-1.4011931,-0.3733689,0.23973463,-0.45157275,1.4895592,0.27992192,-1.0559418,-0.9722874,-0.90204,-0.5265988,-0.01037117,-1.6347446,1.5654194,-1.3414799,1.5732987,0.7950928,0.62498987,-0.562268,-0.77122134,-1.5536048,1.6909016,-0.21200694,-0.121632285,0.50998026,-1.3745495,-0.8209022,0.22094531,-0.091047585,0.82381105,0.018838989,-0.93753177,-0.78469074,-0.3146577,-0.42303592,0.89749825,1.2200003,1.4134251,0.015123963,0.10159679,0.56157565,0.83042157,-1.6796228,0.89033407,0.9493972,-1.2172309,-0.7278216,0.021000698,1.047888,1.36147
363,-0.5578075,0.009923045,1.0,0.0,-1.054381,0.86675113,-0.80122066,1.0,0.0,-0.43611106,-0.51609766,1.3738811,1.4003776,-1.6784489,-0.0042298613,1.6525639,1.5681404,-0.03510187,0.21176721,0.8518866,1.4350142,0.692952,0.85794944,-1.281969,0.6995533,-0.40969822,-1.0225681,-0.8077264,0.40200314,0.6116865,-0.94685596,-0.39070973,0.4633714,1.5720325,-0.9285629,0.2979488,-0.64999694,0.5093411,-1.0612978,0.12539858,-0.9157787,0.30926412,-1.5305561,1.3902783,-0.11069567,-0.06527333,-1.6670471,0.93744475,-1.2482337,0.5764122,1.0796682,-0.13720693,-0.39493617,1.7195185,-0.1673569,-0.19992347,1.4955776,-0.39252162,1.3421265,-0.03633526,1.4126276,-0.6361486,0.77831936,-1.0701921,1.5149332,-1.4728727,0.99389327,-0.6598232,1.0036633,-1.6164317,-1.0386735,-0.5668087,0.025904026,0.12012654,-1.6347287,1.0502546,-0.4515353,-1.1527448,-1.4027734,-0.27672404,0.47874242,-0.58542055,-1.2882595,-1.0625533,-1.1885318,0.48075232,-0.28178775,0.52227473,1.2390757,0.65411997,0.80730796,0.10397214,0.6074186,-0.5449693,1.7358551,0.27681622,-1.2413808,-1.3007982,0.28315875,-1.4800569,1.425235,-0.49226543
364,0.25094813,-0.22387159,1.0,0.0,1.2580894,-0.10133932,-0.6500561,0.0,0.0,0.9559049,-0.5432046,-0.1924917,1.1074697,0.53214103,1.8030312,-1.519649,1.2133954,-0.36468095,-0.14792478,-1.6082845,-0.7133724,-0.61348736,1.2898695,1.5992092,1.4407363,-0.12338677,-0.18391633,-0.7464993,-1.6007385,0.804089,-1.5577376,1.4740568,0.8727148,-0.21420637,-0.67650574,-1.7106593,0.948213,-1.4890368,1.6539041,1.6058807,1.349413,0.3001166,-0.88573015,-1.0441393,-0.19349779,-0.64217,0.29078382,0.99931175,0.6139875,-0.89676017,0.6036659,0.13798277,0.9659006,0.4445415,0.03306371,0.44132012,-0.05820274,-1.3330017,-1.4531498,0.88212883,1.0930501,-0.8310369,1.4279222,0.529554,-0.5430656,0.6487507,1.4782311,0.5569937,-1.3380674,-1.6688354,0.3926725,1.4277728,-1.7151914,0.65744597,-0.29588088,-1.4761041,0.95430106,-0.107465945,-0.300379,-1.0735433,-1.557622,-1.3070614,-1.4858633,-0.7181977,0.14529496,1.3981044,0.40658554,-1.4460694,-1.6274678,1.1136867,0.12866527,-0.55677944,-1.6573029,1.1185961,-0.30589825,0.330101,0.5756974,1.3720129,-0.15351781,1.2306597,0.77978677,-0.2528299
365,-1.0562695,-0.9883144,0.0,1.0,-0.5637731,-0.39454982,-0.493473,0.0,1.0,-1.4462895,0.88306326,0.6066884,-0.92722404,-1.4507059,-1.3448944,0.53777266,-0.53166795,0.06937937,0.20897861,-0.68687236,0.41474015,-0.43192515,-1.2184205,1.4659507,1.163716,0.85701555,0.25397122,0.71632844,-0.86684656,-0.04100247,1.7844987,-0.6235372,0.056219812,-0.9396286,0.9148055,0.82694775,1.5932602,0.9725199,-0.34336126,-0.8445565,0.4338274,0.40059257,-1.5082171,1.6229926,0.8766177,-0.015481963,1.3231841,-0.52780247,-0.0882263,-1.6876353,0.55050296,1.3285788,1.2825457,0.15814216,-0.3405416,-0.013248572,0.22578152,-1.7115778,-1.4385332,-1.1056693,-1.2166446,1.7667035,-1.0302827,-1.7574499,1.5497191,1.0986009,0.04893982,0.011270523,0.5939069,0.94959956,0.59011465,-0.7588551,-1.2088634,0.9699682,0.32666036,0.47045243,0.045477178,0.5590229,1.1118966,1.2864163,-1.239014,-1.4567035,-0.61959696,1.5567852,1.1019094,-0.50613695,1.7706531,-1.550908,-0.9380032,0.16975014,0.41880894,0.12846312,-1.3781459,-0.017144904,-0.33865237,1.592774,-0.31273836,0.3501633,0.18521866,-0.9482254,-1.1414163,0.029606082
366,-0.85189104,-1.3158809,0.0,1.0,1.0938288,0.80185306,-1.3416677,0.0,0.0,-1.2734792,1.1854,-0.43684253,-1.1782602,1.0253528,1.5675068,-0.09136939,1.5136124,-1.3561256,-1.7847378,-0.47044525,1.36383,1.0428,1.0963339,-1.4506809,0.71810275,0.64404935,-1.1031332,-1.0708107,1.6512051,1.3310701,0.78584117,-0.38973162,1.3813837,-1.6508361,0.60272354,1.050791,1.2555667,-0.9989746,1.4861676,1.7514452,1.4890076,-1.231371,-0.4418762,0.4673155,-0.32679808,-0.54080945,-0.73481286,1.0776038,-1.715201,0.79583657,0.59195906,0.8559934,-0.091525525,-0.81503,0.94618994,0.44238925,-1.5334734,1.7237728,-0.13658857,-0.4961352,1.3407297,-0.94933414,-1.4119593,1.6837242,-0.7003596,1.7452294,1.6154515,1.6754959,-0.12544116,1.8452703,1.3438011,0.5269207,0.191298,0.7017102,-1.0120004,0.27292714,1.0278476,1.6193322,-0.63701314,-0.69107944,-0.6221017,-0.3931954,-0.8066426,0.74609035,0.5285717,1.1880482,-1.4692557,-1.5717217,0.8111827,-0.2605057,0.23285846,0.29186413,-0.5179437,0.76248527,-0.025680007,-0.28432328,-0.5085275,0.76550937,-0.83838373,1.0247253,0.035615765,-0.72034276
367,0.10630929,0.22555749,0.0,1.0,-0.20775564,-0.035238583,0.7207625,1.0,1.0,-0.7276588,-0.66827077,0.54226846,-1.6934662,-1.1604506,0.70429975,0.3817863,-1.4772332,-0.026799332,-0.0995256,-0.6758646,-0.04560409,-0.46427563,1.6402285,-0.85585755,0.36983487,0.57134295,-1.4054809,-0.7551676,-0.11403456,-0.08827647,0.07318742,1.0806363,0.32071233,-0.6471571,-0.13189624,0.4112402,1.3491217,0.33291855,0.82430816,-0.8793537,0.86327714,0.04651105,-0.5899781,-1.6232021,-1.2474229,0.82791,-0.9891512,0.93250847,0.9303217,-0.9510397,0.65600693,-0.16055466,-0.79359573,1.0768068,-1.5084286,-1.6928358,0.0040680924,0.044131055,0.37855923,1.1322285,-1.6436832,-1.5095472,-0.22470734,1.5280439,-0.99493587,1.2487254,-0.8513094,-1.5204489,1.373228,0.024674786,1.4553503,1.088893,1.7410096,-1.357612,0.17833266,0.6683639,-1.4619619,-0.02476556,-1.4919806,0.58282334,0.32984468,0.81081873,-0.7118514,-0.8481111,-0.7012287,-0.18032114,0.9349315,1.4290771,-0.9305842,0.98565876,-1.2728465,-1.5076293,1.4828012,-0.26539502,1.5126773,-0.2855935,1.3422297,0.8145881,-0.63489884,0.20511852,0.44837117,0.8139362
368,-0.8208977,-0.29464203,1.0,0.0,1.0295528,-1.6855402,-1.5002323,1.0,1.0,-0.8229142,-1.7843164,0.11619593,1.3700317,0.80405957,0.5425004,1.4360502,-0.23575687,-0.46278152,1.241657,0.6345218,-0.6293878,-0.086993136,1.3291272,-1.2353586,1.3211006,0.9799906,-0.562496,-1.2533737,0.91522825,1.542636,0.77577263,1.6629181,0.30164596,0.75184023,1.6098523,-1.4952067,0.67581046,1.2988172,-0.57600737,-0.34053466,-1.3127087,-1.7271291,1.649995,0.7643643,-0.05158959,1.6605237,-0.8247179,0.8459772,1.0799527,-0.48371613,-1.6036105,-0.0037727072,1.5060711,-0.23104891,0.311156,-0.57647216,0.24031939,-0.2311086,1.5208927,0.6276123,-1.4159342,1.3284426,-0.67040855,0.5156545,0.743148,-0.10162507,1.680895,-0.21384299,1.3128071,-0.5679576,-0.37195882,-0.50125855,0.99531984,-0.99653506,1.0073786,1.3723466,0.101201735,0.57516664,0.96871805,-0.19634657,-0.24816126,-1.3129637,-0.041020487,-0.023714371,-0.35313204,0.22076821,-1.3361763,-1.6632016,1.4047107,0.60531265,-0.020324502,0.9973397,0.87734675,-1.1823827,0.3846946,0.08652355,-0.1270181,-0.63832647,1.1648287,-0.92830455,-1.077608,-0.5591939
369,2.135092,2.2772071,1.0,0.0,1.2202889,0.035719268,1.7291571,1.0,1.0,0.2608966,-1.1867722,-1.1544143,-1.048657,0.65746224,0.99810743,1.2378471,-0.14145589,-1.7278484,1.0888755,0.32237455,-0.5414302,-0.49811456,0.85909075,0.18829553,0.6032742,-1.0233513,0.7805918,-1.0544391,-1.6084917,-1.6437074,0.9923129,-1.1131269,0.18702044,-1.3992528,-0.81458855,-1.402639,-1.3863854,0.4493504,-1.2309148,0.019855866,1.7565961,1.294919,-0.25363946,-1.2339789,1.1394256,-0.9214475,-0.15726277,0.78308916,0.9521192,-0.21418785,0.86158687,-1.5916746,0.29673672,0.25129,1.6324352,-1.5161436,0.16977303,1.7491821,-1.2166725,-0.93820435,0.48804444,0.2003095,1.6566148,1.4273237,1.0813575,1.3650298,0.4479663,0.3008194,-0.2853914,-0.6221018,1.2901578,-0.09027305,-0.36946607,0.28198427,1.3375173,0.8581574,1.5540088,-0.07681331,-0.9261376,0.4345939,0.38332835,0.41307932,-0.16642575,0.80885994,1.6491365,-1.1580596,-1.4820495,-1.3538523,0.4100236,1.6127713,0.3753208,-1.434218,-0.6121078,-1.7270691,-0.6298091,0.57448894,1.0325019,-0.5431702,-1.5954275,-1.319459,-0.3421995,0.56520563
370,0.459156,0.182243,1.0,0.0,-0.7640834,0.77708966,0.3736161,1.0,1.0,-1.0447234,-0.39225072,-1.5874152,0.9679411,-1.063697,-0.13593218,0.32101244,-0.75548637,0.12131162,0.1240764,-1.4716508,-0.55903506,1.6894192,0.36372378,-0.34563714,0.026454912,-0.57611823,-0.4752783,0.59913075,0.5885427,-0.83275217,0.68698096,-1.3646617,0.76672673,1.1695158,1.4766768,0.4286245,0.7066497,0.2880775,1.6607199,0.113387115,0.23456207,-0.47554496,-1.3526939,1.4500159,-1.1977903,0.936168,1.385093,0.65968317,1.3401681,1.2404456,1.4473394,1.1716468,1.4353437,0.4437741,0.70637065,1.1491711,-0.29937655,-1.3887932,-1.4139383,-1.0853045,0.9933116,-1.1562287,1.7176217,1.4865777,-0.4223652,-0.35327622,1.6299121,-1.6265386,0.5755487,-0.08541531,0.17208561,0.21648641,-0.36641172,1.4405539,0.12445192,0.90316874,1.1562923,1.011441,-0.70846105,1.1988529,-0.725,-0.30799577,-1.0317733,-0.1337624,-0.5442883,0.93974096,1.3722113,-0.7498776,1.5543014,-1.5166711,0.6080519,-0.59427583,0.71085036,-0.68681437,-0.85883266,1.5789412,0.80604523,-1.0050818,0.17759384,-0.99850506,0.08669997,0.7666433
371,0.6895868,0.6322337,1.0,0.0,0.35839987,1.2783356,-0.0054131174,1.0,1.0,0.4764834,-0.6569711,-0.47303346,0.51590395,-0.68027294,1.4325149,-0.14856386,0.2905899,0.35365647,0.86653167,0.2844586,-0.64206904,1.6158789,-0.6180456,0.8779683,-0.44874904,-0.34119973,0.42188445,1.292741,0.57810724,0.06645516,1.6726129,1.330458,1.1745474,-0.41686428,-0.44748566,-0.3263875,-0.055587187,-1.346051,-0.095505714,-0.24630855,1.7039679,0.2355258,-0.6050901,1.4778615,-0.9229716,1.2818159,0.4841634,0.108677104,-0.97615755,-1.600618,0.10393621,-0.42264622,-0.176386,0.24165611,0.8684712,0.061284695,0.8673374,0.77828246,0.71635926,1.5159249,0.60571456,-0.8699906,-1.2661262,-0.6210428,0.75396776,-0.8792184,-0.2813115,1.3274757,-1.6946707,1.17295,-1.6392891,1.5173721,0.08996338,0.9642051,-0.70336527,0.019720834,-0.037911236,-0.41779214,1.5212884,-1.338813,1.457583,-0.97216654,-0.7547458,-1.3013213,0.27438518,1.269028,0.42371213,-1.435941,0.9080127,1.6186286,-0.7883654,0.58013666,0.84784913,1.629619,1.4343553,0.41725242,-0.729417,1.2329944,0.7443996,1.6981956,-1.1932696,-0.106185175
372,-0.02173351,0.1373387,0.0,1.0,-0.54250675,0.31551892,0.6315305,0.0,0.0,-1.6454777,-0.23652631,1.0500804,1.4839844,-1.7337554,-0.35234633,-1.0778251,-1.248708,0.93055385,-0.48354226,-0.9290757,-0.8430522,0.08979866,1.3848771,-1.5155357,0.87308276,-0.65645677,-1.6890886,-1.0021397,0.026525347,1.1886709,1.3931779,1.1879996,-1.5505645,-1.0287132,-0.030599145,-1.1372739,-1.6018182,-0.7387715,-0.6793156,0.6322068,-0.15855996,-1.1078784,1.1477171,-1.4831879,-0.22604157,1.674629,1.4557381,-1.5052853,0.31608567,1.1928163,0.6371932,0.7708758,1.066196,-0.24539325,1.0717942,-1.535608,-0.9104733,-0.7830772,0.26464972,-1.415522,-0.9803106,-0.2203268,0.5138623,-0.6165461,1.1638829,-1.1913618,-1.4780691,1.1103827,-1.1264228,0.15301059,0.053467933,0.38949504,-1.5586939,0.6974068,0.08679201,-0.006014866,-0.69867486,0.25021023,1.509355,1.5731113,-0.33183604,-0.7840859,-0.9363856,-1.3479463,1.0816488,-1.1556054,-0.8928693,-0.27578613,-0.7842591,1.1695279,-0.08394546,-0.6279791,1.0112375,1.311498,-1.72588,1.5215693,1.0670788,1.4835514,1.1858878,-0.11062468,1.5535873,1.7299566
373,-0.09642008,-0.746203,1.0,1.0,0.9855167,-0.090400524,-0.5322341,1.0,0.0,-0.6333824,0.76960766,1.1719203,-1.344361,-1.6919436,0.8881432,0.5131061,-0.6411327,-0.14874318,0.35630855,-1.3070524,-0.3846181,-1.1276653,-0.61961246,0.52805454,-0.34571967,-1.2081536,-0.51122767,-1.5918889,-1.1195728,0.12913737,-0.41772124,-0.55505544,-1.0159003,-0.35194123,0.5806584,-1.6433756,1.2465562,1.6933334,1.1313018,-1.3063552,-1.0010047,0.43202394,-0.5014021,-1.6333668,1.5281202,-1.2297155,-0.24147487,0.9498231,1.3832775,1.0131943,1.0314691,0.84161526,1.4785194,1.0289396,1.0401368,-1.0670936,-0.94448876,-1.3699858,0.37449294,1.3347707,-0.09548857,0.6230254,-0.013231849,-0.15257248,1.416284,-1.52575,-1.7245681,-0.020769125,-1.5079778,1.6137589,0.030013822,-1.336219,1.5401057,-1.446326,0.33377773,-0.5301482,-0.30778164,1.2620971,0.9657252,-1.1773299,-0.61585534,-1.1204844,-0.025083948,0.77740735,-1.0568293,-1.5855502,-0.52919054,-0.11705316,-0.4762422,-0.71674824,-0.86620206,-1.4709493,0.88096505,-0.89148724,-1.7341723,-1.6390904,-1.4620104,-1.5189933,0.36435956,0.057830777,-0.1308114,-0.80715126
374,0.44156528,0.6816961,1.0,0.0,1.1196948,0.6941308,-0.5422082,0.0,1.0,0.52903575,0.6079401,0.9006802,1.686464,-0.7918906,0.29751965,-0.8361819,1.0666794,0.9192421,0.08362203,-0.9967081,-0.6830825,-1.0205796,-0.038714837,-1.4977845,4.5422307e-06,-0.41024977,-0.33026367,0.62008387,0.60865974,-1.6175241,0.058328554,-1.5879622,-0.12845914,-0.4462207,-0.4258937,-0.96102184,0.05252383,-0.111858,-1.4635596,0.8183333,0.38895792,1.3890408,-1.4755313,-1.1289706,-1.5024337,1.2691263,-0.99878496,0.61960185,-1.1579818,0.01065245,-1.2491013,-0.8164607,-0.26379448,-1.2069254,0.1847978,0.5152049,0.39895314,1.1875197,0.6124469,0.7965555,0.64491713,-0.48735315,-0.8451645,0.3625605,-0.40836462,0.99530256,0.59319174,-0.75075984,-1.157835,1.0680649,0.14187074,-0.71712095,-1.0858763,-1.4567322,0.5697756,-0.23305903,-0.46968958,-0.9357072,-0.72163326,-0.74124986,-1.0332512,-1.3990538,-0.6269424,-1.4878367,-1.5062861,-0.043045945,-0.7696187,-0.07497943,0.42245254,-1.1359111,-0.69978285,-0.30989817,-1.291177,0.88655585,-0.4818834,0.82693046,-1.4781456,-1.546582,1.5588896,1.5494108,-1.4612749,-0.83106816
375,-0.17847615,-0.117129944,1.0,1.0,-0.64943576,1.3540128,-0.20911059,1.0,0.0,1.3878773,0.54674435,-0.56405234,-0.39942104,0.6132191,-0.6340399,-1.6873407,-1.5048862,0.4158728,1.2108674,-0.3166613,0.6303345,0.9255232,-0.00026773495,1.0349064,1.4977293,-1.612437,-0.44599932,1.6445496,1.7014257,0.3270453,1.1682909,0.5635474,-0.90868825,-0.91049343,-0.4985007,-0.050563622,1.6701076,1.1071098,1.3645117,-0.9694028,-1.6767977,-0.6121008,-0.17274258,-1.2398533,-0.22897242,0.97813225,1.0056618,-1.1248168,0.23882082,-0.3547842,-1.0767397,0.77912253,0.058486238,0.45401552,0.9721442,1.0832897,-0.40756482,-0.9742699,1.0639911,-0.015772944,-0.73475635,-1.1690111,0.2884566,-1.224147,-0.17815623,1.7482839,0.8408469,-1.6561381,-1.1758094,-1.1791017,0.06742378,1.276922,-1.072398,0.82575226,-0.4022134,0.7642311,-0.8081887,1.6470389,-1.1881413,-0.82114565,-0.25826466,-0.17925036,1.4899963,0.126008,-0.91853577,-0.4802879,1.6701527,-0.7559669,-1.3847505,-0.3794295,1.1198775,-1.0548862,0.5876716,-1.2280318,-0.18864223,-1.0128227,1.3402566,0.56221706,1.1652465,1.272445,-0.3982233,-1.1911154
376,0.45997015,0.32444692,1.0,1.0,-1.2758157,0.8301984,1.0395476,1.0,0.0,-1.6086311,-1.4478799,0.80579203,-0.20842533,0.77855206,-0.40107822,-1.6063046,-1.1512947,-0.483186,1.6536796,-1.5678154,-1.4225694,0.3071557,0.31538063,1.2984226,-1.1625774,-1.2523019,1.2623025,1.5761176,1.3502501,-1.0450616,-0.64848727,-1.5263506,-1.4927136,0.7055025,1.179878,-1.4094992,-0.91715217,-0.6501854,-0.45983374,-0.8114582,-1.6182756,-1.2168427,-0.053860094,1.5386134,0.8401246,0.9843344,0.56483316,-1.6500555,1.5445126,1.4328331,-1.0192399,-0.16809288,1.6284047,0.27015013,-0.09912865,0.73490673,-1.4387054,0.4204065,-0.7310506,0.2616749,-0.6100126,0.99035496,1.4582435,-0.45329246,-0.061940573,0.5618212,-1.1151774,1.0587553,-1.4938097,-0.9867905,1.2289639,-1.6411918,1.615228,-1.4363317,1.3697459,0.17706804,-0.9186519,-0.8480815,0.7546292,-0.58557785,-0.75990885,-1.3637241,0.11788402,-1.3027735,0.119627684,-1.5755142,-0.98505574,1.8792357,1.2458632,-1.5556597,0.8106555,0.47117338,-0.82386845,0.013338135,1.641239,0.65386415,-1.6348658,-0.29315937,0.9536653,1.4175907,-1.1907148,-0.93804824
377,0.30011234,0.5582209,1.0,1.0,-0.62012446,0.2801685,0.65744996,1.0,0.0,0.17065673,0.36115047,0.7706186,-0.83864176,1.4177462,-0.4012757,1.0035633,1.001497,0.41941777,-1.0664586,-1.3680687,-0.041689523,1.1906418,-0.28139248,1.4349998,-0.33186984,1.257827,-1.105524,-0.45059612,-0.9267465,0.85223657,0.26110238,-1.4013894,-0.6807334,-1.3228731,0.3264867,-1.5869035,0.040406585,-0.18969905,0.21620226,0.81813604,-1.5589627,0.52848774,-0.8973742,-0.17485978,-1.5247844,0.5126349,-0.76360065,0.99103165,0.9094562,-0.7847241,0.055565074,-0.46100578,0.48043948,1.277339,1.5714785,0.70230913,0.537196,0.91029364,-0.3266466,-0.750341,-1.3716284,-0.24188335,-0.6946437,-1.3081572,-1.3828216,-1.5166366,-1.6712717,1.3874388,-0.7343586,-0.3491865,1.4814112,-0.31543428,0.28633854,-1.1077257,0.10681417,-0.39087722,-1.5605687,0.5730643,0.7551825,1.1629668,-1.4962072,1.0222075,1.3265954,-0.107482344,1.7276313,0.7612605,1.109165,-0.25811493,-0.73159176,1.219578,1.1980635,0.16329923,0.8702269,-0.20770456,1.4785864,1.5899607,0.8395535,-1.2423066,-0.040538542,1.0444658,-0.6691949,1.1289026
378,-0.11545168,0.12033089,0.0,0.0,0.6560773,-1.4188001,-0.05967507,1.0,0.0,0.7050208,-0.84006995,1.268233,0.19500114,0.40533483,1.7075498,0.57677877,-0.29784727,-0.97152686,-0.79378355,-1.2606386,1.6046828,0.049051475,-0.92129475,-0.5319399,-0.458988,-0.22675464,0.86801076,1.0367315,1.1532166,1.2938837,-0.69208926,-0.2667709,-0.44412664,0.76087433,-0.316636,-0.4978204,-0.6509191,-0.23616381,0.3846225,-0.8252494,0.5251901,1.1407318,0.7749392,-1.4254143,0.70302385,0.9289364,-0.016185673,1.2642025,0.4039759,-1.543303,-0.57731396,1.276973,0.97524005,-0.7779049,-0.70027107,-0.5996398,0.5396078,1.0179896,0.5143684,-1.3088863,-0.9666235,1.1565166,0.32562754,-0.27886823,-0.61990637,0.26658744,0.8988895,-1.2787337,0.7504664,-1.6667298,1.69333,0.36232767,0.24624261,-0.19958515,-0.66791797,-0.972635,-0.6064949,0.31389385,-1.6063924,0.05429023,0.49188626,-1.4558723,-0.71938413,-1.7341242,-1.1084895,-1.5895132,1.7556621,1.4129639,-0.9967311,0.45058239,1.5174531,1.7477324,0.22768956,-0.7685083,-1.3054142,0.38593876,-0.8750754,-0.511545,0.24977377,-0.03908256,0.9185008,1.5301135
379,0.63596976,0.6479669,0.0,1.0,1.2086582,-0.97075766,0.94380665,0.0,0.0,-1.1441684,1.2678496,0.12680897,0.3364581,-0.5992663,1.8122612,1.445332,1.2626404,-0.632056,1.5546114,-1.0113047,1.1597193,-1.1607797,0.12867889,-1.378042,-0.14072804,0.31769085,-0.4154436,-0.49705094,1.5102707,-1.2621299,1.1296505,1.398721,1.4261363,-1.3878678,-0.97733694,1.5812495,1.3483794,-0.7025169,0.22217965,-0.6868685,0.6582189,0.07799245,1.265557,0.30080187,1.6069756,1.0738788,1.4458058,-1.3958658,0.34418005,0.36145744,-1.2715873,-0.032556113,-0.3458896,0.0981541,1.1384565,-0.68078977,0.65224504,-0.35569257,-0.34821185,1.1041231,1.0544024,0.029264597,0.9742476,0.55222636,1.2933605,-1.032449,-0.53978914,1.4154223,0.9497688,1.4778494,-1.4241151,-0.11900354,-1.338109,-1.4124699,0.036910146,0.6954554,-0.78502035,1.6507227,0.7356764,-0.84907097,0.99147105,-1.1913183,-0.43080086,-0.02688305,-1.5785178,1.235452,0.54130423,0.5600671,-0.7425706,-1.1933092,0.10743689,-0.5843079,0.4595967,-1.1623514,1.6869906,-1.6252729,0.42802918,-1.1563845,-0.7813834,1.2568222,1.1721996,-0.7625781
380,0.3016311,0.21271874,1.0,1.0,-1.5619048,1.0412096,0.92360574,1.0,0.0,-1.6334244,0.8706009,0.020323554,0.87609977,0.6818825,0.15533298,-1.2967935,-0.021492897,0.017911898,-0.9870163,0.20054957,1.0981517,-0.62529993,-1.3323961,0.1046698,-0.666998,-1.6318339,1.1170895,-0.40042752,-0.5571798,0.43474418,-0.30917197,-0.8077143,-0.2683031,-1.6688279,-0.5291836,1.0879674,-1.3650024,0.76927054,-0.92733747,0.26902756,0.84211636,1.6043105,0.6619367,0.90302026,-0.514955,-0.14834535,0.69514453,1.0686975,1.1244125,0.98854244,0.6693046,0.47022018,-1.2135981,1.206334,-0.16298904,-0.5258943,-1.4360186,1.7032433,-0.67460257,-0.6133601,-0.5762122,-1.4565221,1.4521596,-1.2657627,-1.1639463,-0.2830969,-1.266387,-1.0921791,-0.20796178,1.4137539,0.3075547,0.9651402,-0.053604137,-0.9589832,-0.026155096,1.5501,0.5175608,-1.000879,-1.1109245,1.0889215,0.64329195,1.1034712,-0.5800179,0.45315108,0.5311817,0.26594195,-0.36195025,-0.15436935,-0.06618625,-1.2516083,0.149446,1.6113931,-0.08298725,-0.9812135,-1.7491132,-1.6098129,-1.7098458,-1.2269585,0.03124196,-0.46540412,1.2543944,-1.6257397
381,-1.6580166,-1.9166173,1.0,1.0,-1.1883508,0.113408655,-1.5141013,1.0,1.0,-0.04601339,-0.94591963,-0.3013696,1.0370437,-1.7586752,0.12135751,-0.77369404,-0.44898275,-1.0985266,-0.888887,0.003221291,0.69168633,-1.0260357,0.22373089,-0.33433816,0.19991212,-0.85101193,-1.3715698,1.2791562,-1.0662782,0.2315431,1.6097076,-1.3063545,0.058542274,-0.57592416,-0.914517,-0.92495984,0.9331138,0.41648456,-0.88500047,-0.6110068,-0.8481512,1.374567,0.1811699,1.3454388,-0.2838888,-0.68381965,-1.21695,-1.6407478,-0.31657103,-0.43436167,-1.1639613,-0.16531946,0.8759276,-0.13049409,1.1233127,0.9749769,-0.42562142,-1.7386839,-0.6115593,1.0922612,1.12616,-0.37748465,1.0427549,-0.79922813,0.2194716,-1.1560382,1.2286217,0.9483177,-0.850896,1.1876084,-0.7377677,1.6558566,0.92253864,-1.490058,0.98285455,0.9032215,1.1213745,-0.7983782,-1.4206116,0.94465244,-0.9573102,1.6770935,-0.51526445,1.6188896,1.0728594,-0.7848582,0.08794713,-1.469732,-0.75746036,1.6646904,-0.8274295,0.9413903,-0.6315645,1.3304797,-0.49887878,0.27156806,-1.7015898,0.6528602,0.0861456,-1.3477675,-0.3653909,-1.6515166
382,-1.6564934,-1.4718734,0.0,0.0,-1.3524264,-0.7051772,-1.2249528,0.0,1.0,1.2932668,1.4974376,-0.6938559,1.733753,1.2985299,-0.03827038,-1.2028449,1.7076098,0.41182372,-1.3866417,-1.6423978,-1.3461255,0.078721255,1.3096123,0.7050356,0.9706401,0.93407136,0.92980546,0.08643458,0.07367301,-1.326106,1.8178662,1.0358889,1.6662704,1.3429544,1.4377962,-1.3348082,-0.33820444,-0.47097278,-1.5579011,1.1298234,0.4704777,-1.7610439,0.32883587,0.49266088,1.7908903,-0.94159234,0.22207367,0.29331905,-1.2803092,-0.41854122,-1.1637299,0.65539956,-0.85599154,-0.5631615,-1.0108199,-1.6704847,-0.23113063,-1.5168166,0.3649748,-1.7233669,0.42106694,-0.41684338,-0.82005435,0.31389284,1.2060611,-1.1712028,-0.22743459,-1.5529346,-1.6112047,0.08469521,-1.0575786,1.4645332,0.61714435,1.5778396,-1.2148942,-0.95185155,-0.79413295,1.6025144,0.44741496,-0.24495177,-0.062268298,1.3922769,1.3120842,0.22888678,-1.1298064,-1.078999,0.7930953,0.5129647,-0.43177718,0.39509127,-0.80044675,0.21144044,-1.5320582,0.9572466,-1.6673517,1.4612037,-1.483517,-1.2896665,0.8380445,-0.43002477,-0.23818685,1.3001091
383,-0.4931021,0.22210553,1.0,1.0,-0.6389171,0.8272984,-0.48069814,0.0,1.0,0.19467564,0.7408244,0.754465,0.52186364,-1.6783231,1.8532851,0.15181231,0.6005936,-1.0798805,0.845341,-1.405823,0.06439005,-0.9385505,0.58302444,0.9127612,-1.0950152,0.6132921,-1.1938338,-1.5533704,-0.47271544,0.0947644,0.15897404,0.81049067,-1.1881533,0.5545072,1.5838906,0.30193332,-0.67736393,-1.4057022,0.50889236,-1.5125937,-1.6925399,-0.7321186,1.187856,-1.3102411,1.4359471,1.5548353,-1.7193168,0.5473633,-1.135573,0.7500022,-0.23106256,-1.2145042,-0.51714987,0.34377414,1.6090745,-0.330956,-0.8099641,-0.23629096,0.084458515,-1.1341461,1.105431,-0.11655295,1.0459889,0.10519911,0.14908485,0.43311203,1.5011964,1.6344824,1.1224552,0.68097955,1.4780966,-0.4004281,1.3120626,-0.17100032,0.8071215,-0.7294006,-0.25924736,-1.1110766,-1.2466335,0.16058408,-1.1578933,-0.6406655,0.16798513,-1.1274815,-1.120676,-0.95299625,1.444027,-1.4920727,-1.0494984,-0.31603396,-0.5451968,0.7507237,-1.520439,-0.6945023,0.64190906,0.37466884,0.8757806,0.39531738,-0.26578668,0.70730007,-0.046138905,0.45837742
384,2.059165,2.3162198,1.0,0.0,1.0828538,1.0507056,1.4419785,0.0,0.0,-0.8146221,1.0564184,-0.71024096,1.46719,-0.8469896,1.127246,0.12802763,-1.4369929,1.1681468,-1.1434163,1.7245783,-0.83588976,0.57614064,-1.440078,0.13369244,1.2998673,-0.6233221,-1.6758108,0.38841942,-1.2605262,0.1344688,0.37737572,0.46784338,0.09190625,1.442868,1.3159144,-1.0785165,1.2280416,-0.5438947,-0.7823629,-0.80813944,0.9781018,-1.6058754,1.7548512,-0.3667095,1.1471388,-1.135865,0.36789683,-0.8932417,-0.13880596,1.7116002,1.0463989,0.861821,1.6109798,1.1666764,-1.0961586,0.21091081,-0.045560688,-0.19044359,-0.9956567,1.569021,-0.80989075,1.3631626,-0.30304006,0.8851771,0.26005232,-0.7767085,-0.3438782,-0.8862583,1.2345511,-0.72346616,-1.6417599,-1.4582809,-1.7213491,0.93141353,1.1871835,1.0397422,-0.04389625,-0.028188957,1.3050084,-1.2470301,0.785912,-0.7875445,-1.0946019,-0.7705935,1.4207247,0.6014348,-0.92369026,-1.7047517,0.99254596,1.2115189,0.64470744,1.1784813,-1.5927575,0.13867548,1.3798021,1.7048843,0.77561295,1.2428772,0.13314936,-0.6689233,-1.3297358,0.114903525
385,0.07800964,0.40863386,0.0,1.0,1.2339324,0.577218,-0.17039116,1.0,0.0,1.7088795,-1.7500275,0.42902258,1.5816289,-0.101321734,0.27005556,0.45287046,1.5679932,-1.0815804,0.91843075,-0.21625778,-0.6231432,1.6326146,-1.0388504,-1.7448883,1.2732927,0.58471006,-0.6596001,-0.7284861,-0.48325527,0.7587814,0.41146982,0.20179874,1.4131452,-1.168984,0.74399275,1.3201873,-1.5504895,1.4122719,-0.4282961,1.2607695,1.1082174,1.6573141,0.33548266,-0.16698292,1.1639663,0.8621363,-0.6599173,-0.9015676,-0.33583125,-0.48196688,0.047621332,1.5122621,-0.08457168,-1.430301,0.08493402,-1.4392688,-0.8733036,-0.629813,1.6076326,-0.7050157,-1.0710974,0.26948696,-0.30455676,-1.6844018,-0.2303478,-0.29413036,0.9637332,-0.30737093,0.041544776,0.084673904,0.82927346,0.7640218,0.41482073,0.20092665,-1.5474235,-1.624399,-0.55070704,-1.2484266,0.49356037,1.0708704,-0.9907724,0.15338247,1.245387,0.7782562,1.7869104,-1.6115701,0.25314763,1.1006432,-0.092682,0.6006905,-1.1515611,-0.36095414,-1.0780581,0.9453578,0.5723039,0.4283984,0.46542665,-0.5588789,1.5138751,1.0951647,-0.6705943,0.7208652
386,0.3167997,-0.2466582,0.0,1.0,0.2920594,-0.12913927,0.7695635,1.0,1.0,-1.475034,-0.71296257,-0.15704529,-0.61851287,0.013016465,0.65944713,1.6842124,0.028592844,0.45966607,-0.926471,-1.1203638,-0.2627239,-0.34063607,0.603343,0.45105922,-0.18609604,-0.7452868,0.15015365,0.14544958,0.76148826,0.93570095,-1.0808555,0.9186213,0.54743564,-0.16482277,0.9498891,0.7772781,-0.35071242,1.153051,-1.0418317,-0.72759205,-0.013912807,-0.95891726,-1.1249398,0.86420166,-0.23918603,0.5055146,0.07744929,-1.3965391,0.08948369,-1.6877432,1.3837075,-0.5097206,-0.42094094,-1.5332637,-1.1643971,-1.1540412,-0.7269183,-0.13187191,-1.0533364,0.36675587,1.5946026,-0.7882185,1.1188219,-1.0194633,0.74488044,-1.4790598,0.97106624,-1.2791251,1.6182947,0.3716128,-1.68502,0.34927922,1.4842546,1.3120933,1.2574211,0.5199367,-1.1301757,1.3462952,1.1425053,1.4587315,-0.07324778,0.33803028,1.266507,0.55153763,-0.18587473,-0.5494865,0.8492867,-1.7141954,-1.4780781,-0.027251473,-0.9791123,1.714195,1.1662124,-0.592693,1.2949163,0.61551565,0.12626584,0.46783006,1.0293682,-0.8729096,0.57451206,-1.5397656
387,1.4076246,0.72447425,1.0,0.0,-0.25974694,1.2224054,1.2218091,0.0,1.0,-1.187614,1.5865191,-0.7628164,-0.09572878,1.4332126,1.508662,-1.276935,-1.5830076,-0.9878162,-0.14965506,0.19604334,-0.47288576,0.25979772,-0.5303353,-1.7028698,-0.84653777,0.6959336,1.2998736,0.9323473,-0.65471095,-1.0600616,0.090969406,1.0974778,-1.0860293,-1.2865545,0.5616658,-1.3495696,-0.7975023,-0.6918461,1.3601433,0.027411697,0.7345143,1.0688897,0.908762,-1.2710397,1.6374414,-1.6918297,0.74175817,0.6687126,0.35792756,-0.95788276,0.48138803,-0.7353468,-0.3046777,0.3314977,0.90357196,-0.14129516,-1.5371897,1.6772947,1.3825654,-0.2016441,1.4881871,-0.72683316,1.1316091,-0.8484638,-0.55865467,0.8574267,0.68983984,-0.58445346,0.7608901,-0.38147864,-1.7082654,1.5785023,-0.21979779,0.8629235,0.5609278,-1.6353291,-0.50721335,1.4339944,-0.8732791,0.5687455,-1.559936,-1.5792944,0.87154984,-1.0963038,1.4068657,1.5350832,-0.68917507,-1.0981662,-0.2316122,-1.3909142,-0.6719935,1.0659981,0.50802296,-0.19326833,-0.27733824,0.5559365,1.6639636,-0.91408354,1.3957715,0.92978483,-1.3785354,-0.36854947
388,0.01616226,0.31063247,0.0,0.0,-0.52586865,1.1142892,0.03916223,0.0,0.0,1.6947839,1.1871144,0.026790429,-0.001153168,-1.1595232,-1.0886626,-1.2312231,-1.3135195,-0.33233318,0.13471124,-0.2749678,-1.3570105,-0.92762405,-0.09325246,1.2317247,-0.7933071,0.25569898,-1.1543219,-1.4950352,0.840943,-1.6666654,0.45135647,0.5462006,1.5734576,-1.4342376,1.5920991,0.91626316,-0.45567435,-0.6024588,-1.3168072,-1.6330528,-0.14289162,1.240876,1.7565918,-0.79752654,-0.88962895,-1.2329415,0.4725503,1.4605924,0.34487835,-1.0672058,0.2581814,1.2018764,1.2863226,1.5732285,0.5500222,0.5896613,1.6480181,-1.7345101,-0.75533175,-1.3183681,-1.5028005,-0.7209865,0.009800887,0.08358456,0.9961863,-0.7654671,-0.3909703,0.08244131,1.2351054,1.5961821,-1.7412672,0.9672972,-1.3656156,-0.29574227,-0.28397503,0.06012218,1.1558261,0.99840426,-1.0823289,0.20737953,-0.08458187,1.0373142,-1.163788,0.60201305,-1.1381207,-0.3565104,-1.6481633,-1.0348293,0.5594547,0.9551256,-0.83663017,-0.65122455,1.4763792,1.0058976,0.8142801,-0.116886474,-0.113615364,0.7768152,0.34172437,1.3291656,-1.4821548,-1.0071951
389,-0.0020995522,-0.26235124,1.0,0.0,-1.0148369,1.1210264,-0.17833063,1.0,1.0,0.3020215,1.6512889,1.1604013,-0.38725507,0.22607708,0.69557196,1.5920504,-0.5123356,0.21387364,-1.2536927,0.8151773,-0.24520619,-0.6831296,-1.3927292,0.2870475,-0.0049111107,0.34578013,-1.1054114,0.65010893,0.5764359,-1.5624876,-1.0156696,0.6072501,1.150579,0.6887569,-0.4627702,-1.2021941,0.038763348,0.8542372,0.16957152,-0.2668176,1.4650928,0.4111392,-0.5750304,-0.6206815,-1.6545281,-0.38101006,1.1644895,-0.84096634,-1.1179832,1.4906528,-0.78545713,-0.5913907,-1.4078465,0.068289384,-1.2883657,-0.27213386,-0.87018967,-1.2639974,-0.37797284,-0.5598318,-0.7141551,0.3825467,-0.7751753,-1.4984496,0.6740971,0.7374006,0.123348616,0.4080145,-1.4958677,-1.3143657,0.4519477,0.47783998,0.29800245,-1.6207987,1.6220975,-0.42571062,-1.654496,-0.10852566,0.6322965,1.2871416,1.5865417,-0.020202795,-1.5346171,-0.32097948,-0.05434722,1.7114265,-0.5587101,1.4490721,-1.4279406,0.7373901,0.65273124,0.5892267,-0.9401734,-0.99512434,0.7145636,1.4750109,1.2854866,-1.4536723,1.6067721,1.190048,-1.5160127,0.69055736
390,-0.72218966,-0.20520592,1.0,0.0,-0.21142504,-1.2199486,-0.89034265,1.0,0.0,0.7130221,1.143309,0.17919219,0.5391259,0.69328433,0.88212496,-0.3201496,-1.1724427,1.4795295,-0.5411249,1.2467183,1.7061435,0.98729587,-1.103015,1.5681534,0.46609068,1.3738801,-1.084609,-1.1697664,0.11944111,0.005886711,0.36350042,-1.2644007,-0.63715506,1.1337585,0.6376143,1.1033655,-0.72699684,-0.20049837,-1.5111747,-0.35156694,-1.3166064,1.6006587,-1.427116,0.21423122,1.4777625,1.0026629,-1.5679033,-0.5489713,-1.1266551,-1.1250675,0.44985092,-0.7997668,0.5087658,0.75962365,0.8838593,1.2699885,1.1577921,-1.3765516,-0.059098076,0.14729285,-0.35837114,1.4680355,1.453903,1.5741556,0.44223523,0.47267446,-0.5924916,-0.32083344,0.19631404,0.25380304,0.5331783,-1.6929507,1.1130751,0.976797,1.3091023,-0.9779733,-1.7623163,-0.3457619,-0.16129132,1.4147056,1.3316778,0.715705,1.1993829,0.17343478,-0.7370656,0.04923339,-1.5857075,1.7347184,0.14657657,1.5828207,-1.4710045,-1.1509475,0.1139006,0.08040627,-1.007778,0.86999875,-0.3785,-0.4716232,-1.0374006,0.62260944,-0.97952914,-1.6475705
391,1.2632775,1.1664752,0.0,0.0,1.1526256,-0.05306102,1.1059763,0.0,0.0,0.82073903,-1.0746318,1.0256994,1.7157209,0.28795215,-1.7037947,-1.6080675,-1.2319978,-0.76889956,0.28862423,1.1125711,1.0517051,-0.22220351,1.4316918,-0.9141275,-0.3385448,-1.3258744,0.894886,-1.4751565,0.9317467,0.23291638,-1.1021832,-0.72235644,-0.74588805,-0.33131385,1.0706123,0.3316132,-0.35253808,-0.3019846,-1.0617018,1.7506732,0.16038513,0.068086736,1.1595275,0.54408336,-0.14014293,-1.1632057,-1.4231496,1.6015285,-0.44087964,-0.81922156,0.77462256,-0.5639798,-0.64575344,-0.35621962,0.3195927,0.5100194,1.2749264,1.0288453,0.26528496,0.51476985,-0.29294452,-0.2096861,-1.2269218,0.39288297,-0.2485716,1.5881052,-1.5998737,0.7609859,-0.74488413,-0.75620395,0.5482426,-0.67686456,1.4586486,0.6739697,-1.5680345,1.1353545,0.4482641,0.5427309,-1.4934984,0.4556703,-0.23109284,-0.56957394,1.2468907,-0.41374764,-1.4250828,-1.6797751,-0.60088825,1.7790984,0.6445187,1.2792681,-0.22666535,1.4696004,1.6652197,-0.74680156,1.3972229,-0.926012,-1.2382114,0.009834701,0.9577657,-0.9998883,-0.7401268,0.6220911
392,-0.34686193,-0.41359535,0.0,0.0,1.1872077,0.24475503,-1.0335553,0.0,0.0,1.0217463,-0.66108763,-0.052370418,0.6893074,-1.1742969,-0.10834797,-1.5657564,0.9790736,1.2504647,1.2031518,0.66994536,-0.46148342,1.5613486,-0.09850971,-1.1590923,-0.54090524,-0.38297415,0.024032364,-1.6863368,-0.6716773,-1.0025795,0.32002565,1.1994057,-0.28262168,0.55102795,-1.6309804,0.10350958,1.4822618,-1.1823999,1.005865,-1.5493081,0.55205244,1.5718876,-1.4102376,-0.46648857,0.085023604,0.18955976,0.8340799,-0.30323595,-1.5878879,-0.15487042,1.7390759,-0.8444836,0.9261871,-1.5060619,-1.0143006,-1.2834613,1.3464837,-1.1638025,-1.1491101,-0.7260303,-1.40615,-0.5877446,-0.5024676,-0.45054793,0.88325477,0.9409308,0.15213354,-0.59529483,-1.6570616,-0.5888522,1.3687978,0.08130467,0.027229803,-0.7619057,-1.570797,-0.9765237,-1.0068431,1.0168213,0.38492766,-1.0303731,0.9213662,-1.5286386,0.5008421,-1.5553212,-0.6217652,-0.3344897,-0.79290503,-0.1558872,0.103355,-1.4122212,-1.7205178,1.3885921,1.449427,1.4404737,-0.3902331,0.3960379,-1.522513,1.6990598,-0.5774406,0.65639746,0.072564416,-0.060566604
393,-0.7591033,-0.5701868,1.0,0.0,-0.7203623,-1.7310462,-0.5606161,1.0,0.0,-1.1841357,0.13658692,-1.082241,0.7189165,1.336527,1.2383448,0.649847,-0.40981814,1.3163453,-0.96404314,-1.4574727,-0.7189512,-0.40995607,0.8818767,1.1014783,1.0699087,-1.4077492,-0.12074294,1.0292636,-0.9879875,0.62922066,-0.08425886,-0.8556918,1.6517302,0.7445256,1.0954524,-0.86161375,1.6262655,-0.046659708,-0.97226876,1.0630131,-1.3038397,-0.64224315,1.5048177,1.1513946,0.9966888,0.7903753,-0.86121607,-0.94763935,-0.23540522,-0.72700864,1.5391418,-0.08327144,-0.15055169,-1.7350087,-0.23587531,-0.9077211,0.9050638,0.0050341785,-0.81642246,1.7733885,-1.0694271,-1.4468614,1.7221786,1.2693521,0.59831023,1.7165444,0.36945626,0.37671322,-0.6027629,-1.13945,1.108025,1.5644041,-1.2759781,-1.5565574,1.6412319,-1.6205106,0.16372056,-0.45672792,-0.44495085,-0.10022655,0.47402093,-1.2522242,0.9625913,-1.1316141,-1.3557695,0.93507653,0.91558737,-0.9145581,-0.7749823,1.5426733,-0.22642416,-0.5803685,-0.50476164,-0.6752902,-1.4324663,0.56537014,-0.15900965,-1.0201735,0.26427218,0.42472112,1.2847983,1.5584004
394,-0.1544479,-0.32058766,0.0,1.0,1.3812964,-1.6707389,0.032499995,0.0,0.0,-1.3182125,-1.7554381,-0.35773557,-1.5584053,-1.4031425,0.029273413,-0.11719336,0.3992086,-1.7370611,-0.49300343,0.7202675,1.3873978,1.494707,0.4844719,0.6637827,0.7034334,-1.2586738,-0.2998411,0.8822863,1.6694088,-1.6460434,0.9468039,1.0134686,-0.4225455,-1.08633,-0.2597236,-0.5892617,-1.6293871,1.59908,-0.88762033,-1.5443943,0.41945562,1.1410129,-0.50371474,-0.41880128,0.06224476,1.5956138,1.5984911,-1.0909417,0.34828928,-1.5383024,-1.5326568,-1.370348,-1.2589978,-0.22364192,-0.053248454,1.1306133,-0.40316293,-0.6144885,-0.900316,-0.7747545,-0.4074155,-0.89206415,1.3428493,-1.2966999,0.06676071,1.0447892,1.0628356,-0.935892,0.3049106,-0.8816869,-1.0450268,-0.8618371,1.1879141,-0.06492551,1.4697626,1.1819953,1.5857543,-1.2990655,0.033527598,1.6030877,0.3570443,-0.6408531,0.25138098,-1.0461338,1.0201513,0.3317436,-0.47600293,0.0069149164,-0.57569206,1.0747608,-0.74806803,-0.67209315,0.57245636,0.7525757,-1.729974,0.6597213,0.5709806,-1.5003278,0.48586434,-1.404783,1.490626,1.3186034
395,-0.017011385,-1.0239333,1.0,1.0,-0.060541082,-1.3804075,0.40364057,1.0,1.0,1.173209,0.06889127,1.4735473,-0.0020315847,-0.5915815,-0.019288123,0.49987444,-1.4532971,1.337516,-1.0904112,1.5179708,-1.0562791,1.299987,-1.344106,1.1189011,1.0280806,-0.98019856,-0.90198755,0.2814104,1.008267,-1.2626846,0.8433428,0.69023603,0.53503436,-1.2509501,1.5259955,0.9088573,-0.96347517,-1.2545037,0.86810243,-0.7507904,-0.10590446,-1.7390236,1.0461992,0.082180284,-0.91571355,-1.5595545,1.1662537,1.599855,0.26357597,0.7682047,-0.50735974,-0.22445485,-1.6674995,0.84680223,1.0852379,-0.64264905,-1.3412118,1.5161201,-1.5835518,-1.3149111,0.96968156,1.4955643,0.5979055,-1.5619041,1.0136614,1.0651742,-0.31233883,-0.042738896,-0.9665819,-1.1847956,0.22086465,-1.4657432,-0.9719606,0.071895115,1.4278368,-0.1990786,1.1181338,-0.27687946,1.0865078,1.292434,-0.07224674,-0.22385247,-1.5563847,-1.7108994,0.77898043,0.41565415,-0.5865622,-0.4249123,0.32168666,0.9382631,-0.2872074,1.742254,-1.3795433,-1.0698301,-0.81248015,1.4038131,-1.110808,1.18098,-1.5825648,1.2161857,0.31777477,0.053068966
396,-1.0983887,-0.5008371,1.0,1.0,-0.27132735,1.1778952,-1.5176425,0.0,0.0,-1.0922645,0.6614004,0.44067132,1.1928302,0.93921274,0.50033206,0.69830066,1.0128897,-0.3233713,-0.827209,0.8485739,-0.4276031,-0.61813426,0.2649147,0.422073,1.1199405,-0.9754392,-0.87281406,-0.62461156,-0.2963359,0.7799562,-1.027633,-0.180941,-1.3868493,1.5442065,-1.3602759,-0.96920675,-0.48319247,1.3951777,-0.41119453,1.5963445,0.97594535,-0.4958672,1.4736779,-0.01444569,-0.15122946,-1.0588943,0.5125111,0.10946501,-1.045286,-1.2868729,1.0980271,0.615415,-1.49859,-0.7440462,-0.34277052,-1.4569293,-0.9977544,-0.3851624,0.8432085,0.9972988,1.5898417,-0.0925626,1.6887804,1.0581806,-1.7075325,-0.6413179,-1.3143457,0.93101776,0.9763719,-0.10918502,-0.5256366,-0.00078056013,-0.3842551,-1.6846263,-1.6007586,-0.7220363,-0.26251644,-1.7080975,0.00036745702,0.065546416,-0.7516055,-1.6024029,-0.025386874,0.22991894,-0.88740665,-1.3862444,-0.08393039,0.024540078,1.3737115,-1.3544121,0.9670627,1.1220276,-1.357725,-0.46147174,-1.4646208,0.8379983,1.011483,0.15372448,0.45901948,-0.14406079,-1.1152784,-0.11019895
397,-0.5997751,-0.7393116,0.0,0.0,-1.1462127,0.3302905,-0.24403736,0.0,1.0,0.69170606,-1.0004787,-0.32745573,0.5196748,-0.4610992,0.4727209,0.42396253,0.9371307,-1.0716788,-0.4563407,0.22331545,1.1794529,0.88726044,1.0461285,-0.7068219,0.35845983,-1.1661286,-1.3369386,1.356136,0.5751681,0.056716472,0.056896914,0.636401,1.6138695,1.0857495,-0.23239636,-0.9765769,-0.00818584,1.3356102,0.02147603,-0.051990673,-1.3789057,-0.59832656,1.2597679,0.7427,1.5128013,0.46375546,0.0026060464,1.3109006,1.5751588,0.35622114,-0.08791384,-1.6395754,0.20141122,-0.3763024,-1.5339814,-0.60999197,1.0927159,-1.303165,-0.1534115,1.4093609,-1.3364608,-1.0601883,0.5509391,0.4968015,0.25339895,0.76535535,0.2981792,0.8528273,1.0847245,1.7926831,-0.69221854,-1.5304232,-1.7502064,0.02812728,1.2202622,-0.15040855,-0.92016757,0.7543464,1.4434118,-0.12726417,-0.5629418,0.0628204,1.678581,-1.579869,0.91246176,0.3904465,1.6250547,-1.6160908,-1.319658,-1.39112,1.1939497,1.5678806,-0.51166457,1.345268,-0.11458577,1.5960711,-0.3064404,-0.34810445,1.639748,0.035326548,-0.8965078,0.0240434
398,0.23934107,0.4342373,0.0,1.0,1.1183536,0.60381293,0.084100604,0.0,0.0,-0.3186874,-0.41949147,-1.6205349,-1.7128727,-0.82282156,0.7516119,1.0983752,-0.34059948,-1.1180165,-0.11947649,1.6248415,-1.2241772,-1.011008,-0.012115975,1.1834897,-0.002375408,-0.4981557,-0.2547924,-1.157223,1.5294329,-1.0970895,0.47059453,-0.8821237,-0.87719846,0.8455933,-0.07725603,1.0994852,0.056711316,-0.00027477407,0.8694344,-1.06476,-0.89905584,1.0472674,1.5885876,-1.0340546,1.4188201,-1.0981815,1.4705292,0.009055364,1.0374533,-0.9772026,-1.0004799,0.06908426,0.33472508,0.13120982,1.0665679,0.35478196,0.31100953,1.2024977,1.3683354,-0.92437357,-0.40878022,1.5178246,0.21932858,-0.580817,-1.1322445,-0.28156778,-1.5469551,0.7236364,1.6155722,-1.3981836,-1.5551397,-1.5804186,-1.4099494,0.7929631,-1.0410055,1.3139397,-0.8505694,0.059789978,-1.6920238,0.6776674,0.9771461,1.6396759,1.1086547,-0.41831252,-1.1140643,0.58019704,-1.4334912,-1.6971191,1.56369,-1.0616913,-1.7416164,-0.6207446,1.6838622,-0.005866572,-0.9951629,0.29381615,-0.36746812,-0.0650391,-0.07378607,-0.9337956,-0.98347485,0.51308775
399,-1.3455467,-1.6130064,1.0,0.0,-1.1112783,-0.83355033,-1.3440516,0.0,1.0,0.41576403,0.30854863,-0.99336576,1.1474408,0.58181536,-0.16253029,-0.97508407,0.62528616,-0.48033813,1.2462124,0.930357,0.3633626,1.2790372,0.6245212,0.18640439,0.27807152,0.6587685,-0.8595366,-1.1231097,-1.4395195,1.4772544,-0.61292636,-0.67588365,1.7005446,1.2630806,0.84742963,1.0022949,-0.7005325,-0.0051316936,1.2292022,1.449669,-1.0522517,0.6575834,0.7034553,1.6025406,-1.3849827,1.5510246,-0.094127454,1.0855068,0.9346615,-1.269163,0.1416656,1.753527,1.4145814,0.7680246,0.44417322,0.08532148,-0.09014113,1.4265399,0.7291456,0.9170872,1.2289655,-1.2534174,1.0382158,0.32008478,1.5539416,-0.051081903,-0.08782112,1.1067886,-0.882983,-0.14341706,-1.1166812,0.3735766,0.79835486,1.2216933,-0.25479028,1.2247818,-0.45042753,-1.4525005,-0.36764792,-1.2628008,-0.815819,-0.08537061,-0.6834489,-1.4178171,0.45429462,0.04617838,0.41579872,0.7949954,0.48161608,1.699596,-0.063010804,0.46281046,1.3998681,1.0881944,1.2226701,0.7946691,-1.1947896,0.070248485,0.79184383,1.0287727,-1.0964024,0.26904523
400,1.041426,0.87656873,1.0,1.0,-0.961159,1.0057886,1.581571,1.0,1.0,-1.2629744,0.3514442,0.21870233,1.2559192,-0.414284,0.8139253,0.05662834,-1.3199672,0.5732418,-1.7755136,-0.52547544,-0.7848117,1.54753,0.7787852,0.9350898,-0.6485345,1.4836272,1.3954806,-0.04779077,-0.262176,-0.51967025,0.87682945,1.2447383,-0.6120403,0.68319976,1.3501275,0.747267,-1.1753116,0.2923717,0.4842353,1.539425,0.5870886,-1.254041,0.9207702,0.331007,1.3219246,0.5483109,-0.65703005,0.72524947,1.4653034,1.4816364,-0.14154926,-0.5501023,-0.69200677,0.67221355,-0.3806231,1.3998623,1.4555176,-0.30895582,-0.24555881,-1.4574469,0.4042577,-0.7121039,-1.0362468,-1.7087526,-0.23616277,1.7112658,-1.7150341,-0.22362961,0.2640369,0.67376477,0.78868616,0.08634164,-1.6619136,-0.4317091,0.9213285,0.8132608,1.0753373,-0.8887184,-0.40136424,1.1537243,-0.32614726,1.676462,-0.12449489,1.4100219,0.055190243,0.7954249,0.99059844,0.73251414,-0.87917346,0.76248014,1.0032978,0.25021267,0.20107217,0.6311594,-1.6044806,1.6881123,-0.31581137,-0.48308232,1.417232,1.6140924,0.039166976,-1.2088249
401,0.59898293,0.5443923,0.0,0.0,-0.61942214,1.3368442,0.7691812,0.0,0.0,0.56164104,1.0832162,-0.27080187,1.2215384,1.2411426,-0.6796617,0.59211046,-1.0032707,0.55134976,1.5106248,0.71793294,0.64872557,1.4514705,-0.5103151,-0.13116422,-0.766938,-0.17814587,1.2124141,0.57836115,-1.3720059,-1.0837373,-0.40689504,-1.2187173,0.50641483,0.92034405,-1.167875,1.1873251,-0.91001576,-1.0014412,1.3730143,0.021600025,1.1037028,1.3108164,1.2157838,0.7354825,0.7780342,0.322296,-1.6507288,0.6872423,-0.46692076,1.0100074,-0.20975146,1.2034062,0.11914038,-1.1398346,-0.7206405,1.5549915,-1.2864926,0.7427916,0.8310419,1.2969468,-0.9871487,-0.15355448,-0.9356711,0.14359967,-0.2634865,0.5539315,1.1032093,-0.0019601611,-1.0499449,0.13426413,-1.3402061,-1.2685677,1.4135935,1.2335256,-1.2868041,1.1919969,1.4245749,-1.5190369,1.183223,0.93811184,1.362488,-1.7220306,1.5933931,-0.5341675,-0.85678154,0.6588159,1.3796583,-0.41868138,1.2638055,-1.1394169,0.46166438,1.555894,-1.5405698,-1.5303227,-0.81980467,-1.4259955,0.3296119,-1.4424609,-0.6810364,-1.3415314,-1.2613363,-0.105859354
402,-1.4396895,-1.1298213,1.0,1.0,-0.022222476,-0.72098976,-1.5910426,0.0,0.0,0.34666434,-0.2678037,0.49251145,-0.3666695,1.6157913,-0.72982043,-1.3814015,1.0618727,0.93587196,0.88763916,1.4409121,0.5824088,1.0896908,0.4412781,0.87672806,0.9493835,-0.7812646,-1.2306163,-1.2219976,-0.6104466,1.304635,-1.6363614,1.6757783,-1.5972207,-1.6564808,1.3643043,-0.48300388,0.8049097,-0.5286083,-0.42213538,-0.8212222,-0.916547,-0.8493653,0.14833811,0.6311035,-0.26458836,0.65015906,-1.3853862,-0.38813552,0.2691043,1.6413847,1.7403591,-0.71684104,0.54052633,0.62914926,-0.44658372,-0.29635775,0.8573051,-0.9518618,0.5994697,0.2431942,-0.56455934,-0.018723814,1.6374806,-0.6480544,-1.1705164,-1.267846,1.8169718,0.64448625,-0.4610416,1.4050255,0.26201478,0.86178213,0.2947301,-0.27182943,1.2632416,-0.14383617,-0.5882968,-0.91577744,-1.6580533,-0.4750166,0.57922804,0.1574266,1.7119037,-1.5323948,-1.1057713,-1.4511428,-0.97178125,0.064109966,-0.38157538,0.59664583,1.3595828,-0.6574298,0.52061063,-0.9401079,1.0384331,-0.045175336,0.37520942,-1.1933702,1.1887275,0.95606387,-0.31310815,-1.0190561
403,-1.0575494,-0.8630438,1.0,0.0,-1.1961162,-0.43561107,-1.0375903,0.0,0.0,0.92192715,-1.401933,-1.5889843,0.55291545,1.5462958,-1.3305116,0.11155887,0.92452115,1.0777881,0.96972877,1.53564,-0.5855623,-0.14940166,-1.3766305,-0.5908896,1.5311341,-0.8674278,1.1315435,0.5653331,-1.4578879,1.5261625,-0.67009854,0.27670717,1.4225955,0.8869908,0.930262,0.11466716,-1.3605088,-1.3618166,1.305719,-0.0013141215,-0.5321954,-0.9560783,-1.1451046,1.2403749,-0.24567175,-0.76914215,-1.2944598,-0.033356346,0.5166555,-1.3052901,-0.4543398,-0.5775812,-1.7100375,0.3283646,-0.3574069,-1.1696783,1.4241178,0.56551313,1.2631766,-1.1087016,0.71724105,1.3543109,-0.19738294,1.137637,0.9142468,0.8762859,0.52916193,0.47837186,1.1605586,-0.75199825,-0.69861704,0.7485383,-0.28174028,0.30542475,-0.51149195,1.2652551,-1.1719269,0.6944516,-0.66861767,-0.3114155,0.010312392,0.859329,1.2904009,1.0683684,0.3849469,0.49291793,-0.032586075,-0.5074288,-0.6888408,0.18446727,0.32546848,-0.8161713,-0.779143,0.62927085,1.5560192,-0.76982445,1.4554449,0.23196319,-0.5612459,-0.4625172,-0.17415473,-1.4798979
404,-0.019405538,-0.71611214,1.0,0.0,-1.2818129,-0.9293697,0.44916815,1.0,1.0,0.5349639,0.9977113,-0.77810943,0.5015572,-1.2678736,-1.2668264,-0.075119965,-0.10615398,-1.4520255,1.3770717,-0.1324297,1.5933973,1.2510636,0.88955265,0.8552395,-0.81875,-0.560802,-0.9699834,-1.6087766,0.76283354,-0.49221554,-0.025207942,0.13004313,-1.5714563,0.1299123,-1.0722994,-1.5275223,-1.0944874,0.8503759,-0.7748244,-0.34550422,-1.032209,-1.442048,0.40533927,0.81506693,-0.20192675,-0.7488504,1.5908046,1.4190089,0.37391758,-0.7671577,0.9513728,-0.8625757,-0.821922,1.2866145,0.6117713,-0.063654706,-0.9163949,1.5540212,-0.3878614,-1.6957095,-1.2315553,1.512574,0.21045591,-0.09245812,0.74975777,0.9581594,-0.17623553,1.1577739,1.5908264,-1.6496918,1.0164609,0.10326315,0.4587311,-1.0304055,0.8060783,-1.7195109,-1.3983974,0.6555968,-1.1317023,-1.558922,-0.58987206,0.027592197,-0.9519353,0.046327,-1.0128571,-0.1369526,-0.55063,-0.3955442,0.20375524,-0.07994978,0.99829406,1.3108603,-0.4761217,-0.85144323,1.3935237,-1.4579043,-0.35603106,-0.14250411,-0.3640659,-1.575856,1.64684,-0.10514348
405,-0.6215955,-0.3415432,1.0,0.0,-0.70570296,-0.6302748,-0.67200786,1.0,1.0,-0.101086095,0.8308897,1.2749164,1.105666,-0.06970428,0.10950225,0.36974147,0.9519979,-1.7328969,0.59889257,0.43049568,-0.66521025,-1.3739938,-1.0548388,1.2242919,0.78336513,-0.61273617,1.3527122,0.7370511,1.5272902,-1.483377,-1.6371357,0.37385556,0.81852734,-0.15556775,-0.4450523,-0.3445722,0.94771975,0.6566197,-0.3014881,-0.5113158,0.91958165,-1.616459,-1.1595023,1.2948935,1.0257666,-1.0974425,-1.7562728,1.0422884,0.9221842,1.4829102,-0.79707164,-0.3388506,1.5139408,1.4875253,-0.63078517,-0.7393561,-1.2403514,1.5423155,0.10702127,-0.6110187,0.77591795,-1.5786983,0.85457927,0.29203373,0.05964358,-0.042466205,-1.5014235,-1.2450513,-0.7108076,-1.2507163,-0.48970386,0.23081738,-0.48297578,0.78917944,-0.035953112,-0.5530347,-1.1574851,1.1240121,-0.39435694,-1.3232831,0.65899926,-1.6822013,-1.3264154,0.111917116,0.63372755,-0.9016309,-1.6232505,0.73592997,-0.31042928,-0.07088057,-0.2906547,-0.95261365,-1.6093447,0.45932677,-0.9928542,-0.92524695,0.22709507,-1.3622316,-0.4374236,-0.077404745,-0.058044553,-1.5050558
406,0.27357215,0.34041646,0.0,0.0,1.5482515,-0.67314345,-0.18722701,0.0,1.0,-1.5986931,0.18113615,-1.4269274,-0.086626545,0.80715656,0.8684793,-0.71055776,-1.1291189,1.2769032,0.4886396,0.012132628,-0.99694836,1.4728391,-0.73153085,0.65786934,1.5152841,0.13185468,1.3960061,1.7150111,-1.1886463,-1.0459203,0.8196209,-1.3616807,-0.75006765,0.59456265,0.077071436,-0.42969903,-1.5772691,-1.4529918,-1.2846756,1.061697,-0.28819117,-1.6759933,-0.89137244,-0.6485135,-0.36109814,-0.89243203,-0.36541545,-0.72077405,0.2802511,0.50852025,-0.8429398,-1.2761575,1.2735245,0.09632684,-1.709403,0.86862344,-0.32521316,-0.62310237,0.8966634,-1.0860281,1.0163033,-1.5189716,-0.28187507,-1.1474954,0.56452435,1.1016175,0.20012125,0.4327352,1.6986012,-0.17320925,-0.029968183,0.8382626,1.2831341,-1.433474,-0.11425643,0.49069923,0.37097815,-0.3961674,-1.446664,-1.5940394,-1.6621761,0.24489063,-0.15126356,1.4865854,1.0924162,1.2924141,1.576783,-1.0795082,0.48046434,-1.3552822,-1.5401905,-0.58182144,1.3739768,1.1671517,0.7717499,-0.5154532,-0.12756747,0.9470077,0.771236,-1.2000031,-0.8767881,-1.2584194
407,-0.39339358,-0.4234256,1.0,0.0,0.44090086,-0.8948681,-0.87139475,0.0,0.0,-1.5975143,-1.0103146,-1.6745206,-0.033786595,0.58918154,1.4163916,-0.38003358,-0.9982822,-0.3242552,-1.2496929,1.4102384,-0.9966726,-1.194704,0.8151075,-1.266281,-0.9529658,0.81504196,0.7198074,-1.6503708,-1.0489823,1.2341906,-1.296117,0.63277876,-0.5744421,1.044388,0.5774689,-0.40963688,0.7847527,0.60340005,1.4391807,-0.16695777,0.34121895,-1.4335766,0.051257472,-1.3554164,1.0565145,-1.2486469,-0.8714764,-1.4019198,1.504064,1.2218294,0.42560193,0.41867882,-0.1429613,-0.4617176,1.5817217,0.8823095,-1.4097236,-0.3784199,0.7598125,-0.68967456,0.49188077,-1.5741298,1.1795526,1.1422298,-0.11440158,1.6116214,-0.8062212,0.13810067,1.6231862,1.8283873,0.449599,1.4516298,-0.8777933,-1.019679,-1.3624809,0.0010718553,-0.16117516,-1.011412,-0.89035285,0.78433895,-0.84356505,0.57214886,1.1041801,1.4071319,0.44691592,-0.7549864,-1.6628466,0.588644,0.74925125,0.23946318,-0.89690375,1.4733274,-0.6461046,0.3054559,1.5853925,1.7039003,-0.45337453,1.6842443,-0.80625635,-0.43959227,-1.4734402,1.4598348
408,1.3326991,1.7445787,1.0,1.0,1.057185,-0.21337274,1.281224,0.0,1.0,-1.0000106,1.6758168,0.11402276,-0.8443414,0.93984675,0.67343396,-1.6360531,-0.2967885,1.274607,0.19146234,-0.20928037,1.2609928,1.0076627,-0.93972135,0.06527583,-1.5373688,-0.8918384,-0.4704897,-0.887233,0.5394275,-1.7772484,0.6983056,0.47042108,0.07132561,0.87198544,0.15515938,-1.2614731,0.80216724,-0.8680725,0.8636948,-0.73338205,-0.11749967,-0.85450816,0.65770644,0.17407279,-1.6472063,1.540334,0.46506837,0.3291611,0.23825067,0.16329345,-1.5941564,-1.4717828,1.5489606,-1.5891678,-1.088186,0.9550196,-1.1499546,-0.6158668,-0.1910718,0.60188836,-1.1941254,0.053920604,-0.50445634,-1.2103955,1.4069215,-1.4471948,-0.706505,0.30021513,1.6165155,-0.7294823,-0.92520034,1.1471997,1.6425419,0.8225785,-0.6780694,1.4956555,-0.6895145,-0.87160015,0.6600033,1.293209,0.42478505,0.09013287,-0.29586792,-1.48705,1.4229716,-1.2749583,-1.324516,-1.0422401,-0.880334,-0.041487686,-0.45673007,1.2078601,0.2276202,-0.53302354,0.94091886,-0.7229815,-0.06736123,-0.68375516,0.046620958,0.21698543,-0.36946785,-1.4160434
409,0.78212076,-0.114757985,1.0,0.0,1.0670235,-0.41593978,0.19783327,1.0,0.0,1.216279,-0.15881255,-1.0089709,-1.5383576,0.3175655,-0.46655834,-1.318114,-0.51998144,-1.6205407,1.0820937,-0.4401489,-0.6681147,-0.8071504,-0.06994893,-0.8845918,-0.045389652,-1.6756055,-1.389813,0.40384036,1.6026412,-0.7625861,-1.3265107,0.559532,-0.678906,0.9389407,1.0527742,0.81965256,-1.5738045,0.8120635,0.57816976,-1.3616347,-1.636961,0.038295448,0.94322103,-1.0851413,-0.15108047,-0.6888232,-0.69729674,-0.1794237,1.090173,-1.1658106,0.4554088,-0.51095355,1.5954255,-1.6390779,-0.6201148,0.6090664,-1.4690905,1.6005771,1.1213356,-0.19837856,1.2053336,-0.39743707,-0.1618291,-0.6556158,1.0023988,-0.011081732,-0.86326647,1.2510874,-1.1477529,0.4248934,1.5391508,-0.74708194,1.5326071,1.6855589,-0.53346306,1.296399,0.044486675,1.4639387,-0.7117865,-0.21930571,1.4267118,-0.057769872,-0.9089555,-0.38710105,-0.4917147,0.115655355,-0.79351133,-0.5239601,-1.4941602,1.2028146,0.82229304,1.2256397,1.2352649,1.2952834,-0.49144214,0.7397647,1.4030982,-1.4131185,0.86283815,1.5120655,0.111056924,-0.76974624
410,-1.5650586,-1.452304,0.0,1.0,-1.248002,1.2570497,-1.2269932,1.0,1.0,-0.54815465,1.2564385,-1.1357089,1.1124599,0.9684934,1.6987098,0.45779797,-0.89658004,-1.3326089,0.8059226,-1.5268111,-1.4848863,1.1503373,-1.061528,0.17598642,-1.4267076,-0.026974382,-0.7358742,-0.35110033,0.6197112,1.4127935,-0.81568414,-1.2988538,-0.17005958,-0.09016859,1.0166614,-1.3044362,0.0978423,-1.2059433,-1.0780994,-1.4022512,0.027846735,-0.41370958,-1.2597861,1.1655161,-1.6551896,-0.9042591,-0.106708005,-1.0049123,1.322564,-0.113310955,-0.93063605,0.53072584,-1.7776189,-1.5576267,0.69779134,0.2238919,1.2909535,-0.30246472,0.85012704,1.4581524,1.628734,0.7534093,-0.43659186,0.06010006,-0.7583067,-0.9949564,-1.7501427,0.72405726,-1.1936612,1.147966,-0.84380215,0.6551261,-1.1911204,-0.31909865,-0.68748796,-1.2851764,0.23334202,-1.5893252,-0.11749878,-0.80710655,1.7506801,-1.4809005,0.05121756,-0.63541645,1.1731312,-0.68825823,0.49717054,-0.6857442,0.9418675,0.0071320483,1.3160975,0.39124554,-0.31279466,0.1247776,0.4879379,-1.4509887,-0.8706787,-1.5093669,-0.68446434,0.7912808,1.1052101,-0.5043098
411,0.62175274,0.5974105,1.0,1.0,-1.4145489,0.9571175,1.2804153,0.0,0.0,1.1418983,0.30279338,0.60386544,-0.15848362,1.666763,0.23591483,0.49403587,1.2414675,1.4762508,-1.3118945,-1.24328,-1.6725799,0.4761791,-0.83761024,0.13294071,0.10558716,-0.5524516,0.37085697,1.176961,0.6096006,1.1368365,0.3146797,0.2272031,-0.6138492,-1.457482,-1.3198954,-1.7069725,-0.83449113,-0.57857853,1.0210903,-0.67905974,0.41264322,0.97794485,0.53908575,1.5168761,0.45753404,1.3894414,1.1948069,1.3500469,-0.95337677,0.5656645,-0.29895505,1.3958849,0.48164663,-1.1027879,-0.32376197,0.5200937,-0.23175019,-0.491218,0.18644601,-1.7205926,-0.92660373,-0.63751966,1.6256764,0.090880804,-0.84370047,0.97969466,-1.0646982,0.2228963,-1.6667651,0.33844,1.4206356,0.4715849,-0.012467542,0.5731253,-1.6567817,1.1899028,-0.26802403,-0.21806166,0.5991612,0.2749771,-0.8063249,-0.7469777,0.6422459,1.0069646,0.70276237,1.5161245,-0.3118122,-0.31322247,-0.5445209,-1.5961635,0.9061759,-0.27962267,-1.6553667,1.4549799,1.407572,-1.0838134,1.6016316,-1.0254219,-1.3775375,1.4810805,-0.8831426,-0.04125583
412,0.7269956,1.074855,1.0,0.0,-1.4053044,1.4202015,0.8623819,0.0,1.0,1.2417929,-0.55972993,-0.5320524,-0.2863451,-1.6763309,-0.13751586,1.5708048,0.024180248,0.35799602,0.26308212,0.957843,-1.7247697,0.6266482,-1.0495176,0.036218025,-1.0609965,1.0900319,1.045112,1.1243675,-0.67024636,0.09882383,0.8036925,1.1387546,1.2301968,1.1535201,0.7776015,0.09055059,0.47273645,0.37313914,-0.50016063,-1.615604,0.23679973,-1.7211894,-1.5704623,-1.1983185,1.4561657,-0.250549,-1.7940718,-0.6124142,1.6113794,0.051327843,-0.4425588,-0.710117,0.38131368,1.230385,-0.19975518,-0.63533497,1.3698426,0.048358373,0.23573257,-0.923792,0.99112564,-1.5086665,0.02367465,-1.3608336,1.4298332,1.0516123,-1.694878,0.39192426,0.52727014,-0.21774645,-0.74002063,-0.0071941176,1.0741063,-0.6016381,-0.5325999,1.6447723,0.7050904,0.9876856,1.452875,-0.66553366,0.38024065,1.2041987,-0.43047944,1.1415801,-0.15863769,0.7798599,-0.7430448,-0.11161399,0.25507897,-1.0329715,-0.045700613,-1.0971091,-1.2011704,-0.5529777,1.6706992,-1.5408907,1.5274578,0.4504708,1.048318,0.46523187,0.5066579,0.4877889
413,-0.23513596,-0.015918052,0.0,1.0,1.312589,1.6189686,-0.87087363,0.0,0.0,-0.5730727,-0.13472521,0.9863586,-0.46516258,-1.4780308,-0.5320451,0.82107764,-1.1387928,1.575127,0.86201173,-0.26829138,0.73091173,1.4620942,-0.3658085,-1.3306698,1.5485796,1.1850497,0.4468068,-0.643753,-0.69448304,0.5533191,0.039679565,1.1411272,-1.1293274,0.21083157,-0.9069564,-0.22507559,-1.6838324,-1.2652164,-1.5772647,0.3290268,-0.29026347,1.1076652,0.5583916,0.63951087,0.23491895,1.0733501,-0.79123515,0.15971495,0.071124986,1.3479104,-1.1071398,0.6981654,-0.3853941,-1.688121,0.7791325,-1.5474081,1.4446757,-0.8610812,0.70636165,1.3522965,1.222211,-0.17660058,0.87529945,1.6084341,-1.3964235,-0.5765237,-0.85701466,-0.57852614,1.3227001,0.37612024,0.8407996,-0.24013792,-0.95386857,-1.2037231,-0.14186098,0.4288009,0.46661323,1.4138403,0.61497897,-1.6358223,-0.2483101,0.06931272,0.99143475,0.19692877,0.83493483,0.67165583,-0.1638579,0.87362665,0.7308699,1.3800822,0.6584324,-0.49376377,1.711775,0.90841264,0.6674823,-1.2469103,-0.35712162,1.3275129,1.5771064,-0.3857977,1.6513586,-1.1329175
414,-1.0307,-0.6149996,0.0,0.0,-0.51644254,0.17415713,-1.0580789,1.0,1.0,1.3323411,1.5828657,1.0632309,0.3433314,-0.45177835,-1.314568,-1.4941592,1.3771689,0.3585816,-1.1106986,0.5396037,-0.46584448,0.5701898,-1.294637,-1.0926539,-0.49142802,-0.42335182,1.189221,1.2093028,-1.1474109,1.2207487,-0.23131461,-1.243874,1.5668242,1.5425718,0.33153048,0.99567854,1.6109459,0.23411083,0.058021296,1.1214467,0.23589535,-1.706552,-1.0825526,0.5461483,-0.45286217,-1.5616279,-0.058164034,0.5163361,0.11178448,0.5507885,0.80455375,-1.645768,0.20063998,-0.9266427,-0.85088944,0.7308023,1.5325588,-1.287789,0.6784185,-0.9694432,-1.6168156,1.6495124,-1.044287,1.1862831,-1.2534324,0.9565518,-0.53044754,-1.647356,0.02538349,-0.38735828,-1.0397745,-0.6661657,1.07649,0.19248222,-1.323833,1.4496757,1.4654365,-1.4330704,-0.5970326,-0.2665322,1.1842076,-1.6458151,1.3625283,1.0064029,-1.1990887,1.0081825,-1.277599,1.0240812,0.36975804,1.362192,-0.90792465,-0.9538973,0.43045837,-0.57310086,0.7736691,0.4373374,1.4988621,0.5230303,0.14860256,1.2504226,-0.062212344,1.0690156
415,-0.45537046,-0.9550108,0.0,1.0,1.5894473,-1.2713114,-0.5524382,0.0,1.0,-0.1627691,0.56303704,0.81332034,0.31494987,1.1171954,-0.03934089,0.99643993,-1.6795642,1.3453983,0.66272384,-0.9515496,-1.7525705,1.4163467,-0.35347465,0.37432235,-1.2927563,-0.588076,-1.3837963,0.12592813,1.1974158,1.566639,-0.030793592,0.22861251,1.5257628,-0.6995771,1.3246697,-0.9008851,-0.8812364,1.5642322,-0.9522856,-0.5271033,1.451583,-1.6083007,-0.8951804,-0.03861928,-0.45566928,1.4440473,1.458286,0.9733168,0.8185429,-0.7108244,1.3200443,-1.4867874,-1.8056082,0.6366835,0.7237329,-1.7144165,0.7575165,-0.997256,0.44937953,-1.6016084,1.6552775,-0.27169865,1.6666901,1.1426244,-0.17180991,0.8807556,0.5358146,0.7299754,-0.26023766,0.3175102,-1.6670152,-0.084793374,0.14674586,-0.83165264,1.1363508,0.7967495,-0.7089606,-0.50877357,1.3548912,-0.34428525,0.76740444,1.5112009,1.4359101,-1.0244886,0.5074189,-1.5476437,1.3629153,-0.6717753,-0.1834229,-0.8222901,-0.71279263,0.64751387,0.024934283,-1.0770768,1.6635538,0.61431736,-0.22492029,1.2927347,1.1466049,1.4545195,-0.75609356,-0.47323546
416,0.6241313,1.0613481,1.0,0.0,-1.5766213,-0.8311042,1.3856008,1.0,0.0,-0.415953,-0.7198454,0.5106922,-1.2081143,1.2321645,1.6780933,-0.46772736,1.2504841,-0.8336059,-0.10672412,0.3585703,-1.3450745,-1.5376701,-0.39791244,0.8800628,-1.3613588,-1.5293323,-1.3075322,-1.4993323,-0.6170148,-1.5236989,0.0702781,-0.58460397,-1.6263548,-0.2553835,-1.6648616,0.3303242,-0.5592292,1.6292596,-0.36522567,-0.52571064,1.4240085,-0.65128577,-0.7071151,-0.752984,-0.90453446,-0.512088,-0.63034713,-0.12870272,-0.83355284,0.8494591,-0.065015234,0.5854743,0.30917716,-1.1064732,0.20416802,0.7710682,-0.23825344,-0.040338535,1.5925684,-1.6161364,1.2473412,-1.5098128,1.1950552,-1.0073726,-0.30862662,-1.692028,-1.1537299,1.4818087,-0.7205249,-1.0707223,0.28227985,-0.5810729,0.3640799,0.73462814,-0.057290792,-0.13033715,-1.1116424,0.5368894,1.2291949,1.5438738,-1.3944334,0.84686464,-0.6023685,1.4953871,0.26690152,-1.1392627,1.1675252,-0.34674713,1.4243367,-0.17571995,-0.5208601,-0.78537405,-0.85509944,-0.898901,-1.7520727,-0.81102747,-0.11106699,1.427028,1.2632495,0.2896794,-0.9740289,-0.04813905
417,0.5881247,-0.0056957286,0.0,1.0,0.4521307,0.57598716,0.85804343,0.0,0.0,0.12647118,0.46731687,1.6464679,-0.15153073,0.3785781,0.6513865,1.55233,-1.2307571,0.76664597,0.5409318,-1.424357,1.4895017,-0.881124,0.038132943,1.2325518,-1.1784507,-1.0145706,-0.36656752,-1.0842074,-0.67756,0.8874657,-0.3654789,1.1060661,0.7558527,-0.08586896,0.51905435,0.564149,0.45925012,-1.5230057,0.889217,-0.98566014,0.17692162,0.29796234,0.46880576,-1.6749446,1.138272,0.06225184,0.05197403,0.49354002,0.97906935,-0.95926315,0.3585091,-0.81844604,-0.3942173,-0.8438489,-1.2545221,-1.0903466,0.95871407,1.375865,-1.1681132,0.8599984,-1.3441652,-1.0893611,-0.000809585,-0.047920994,-1.1623222,-0.65147877,-1.3469766,1.6802974,1.1889595,-1.5941815,-1.1042453,-0.8021779,-1.4790188,1.5283285,1.6347151,1.3659424,0.48119617,0.6991901,0.20738408,-1.230832,-1.1423342,-0.3150558,0.36622536,-0.9580933,0.79493976,1.2806467,1.2093155,-0.43251225,-1.3555285,-1.6211267,1.1984673,1.336748,0.6437934,-0.48453766,-0.9634629,-1.1686343,1.6384108,-0.58930385,1.0718738,-0.7284834,-1.062783,-0.7182644
418,-0.8500152,-0.89450675,0.0,1.0,1.1162274,-1.2763385,-0.823211,1.0,1.0,-0.49551517,-0.96322656,0.31146762,-0.50511193,0.49357828,-1.1002259,-1.0738566,0.8200115,1.2178236,-1.7253689,-1.1249759,0.25504547,0.87947416,-1.5353696,1.3186538,-1.5716772,0.3400044,1.1510296,-1.5593386,0.66840696,-1.4203271,0.6188179,1.5321076,0.13163845,0.11356822,-0.49567217,0.58164054,-0.119320944,0.8191878,1.4995593,-1.395138,0.08778866,-1.1773094,1.7328013,0.75954396,0.41800657,1.5902014,1.0148616,-0.9436445,0.59501594,-1.3881,0.9799963,-1.6613145,-0.7778315,-0.60274756,0.008884362,-0.9721926,1.6570044,-0.85916054,0.5028115,1.1593263,-0.67294806,-0.27505204,-0.38807726,-1.5295959,1.1166518,-1.2152107,-1.1796138,0.24722824,1.6901841,0.3456834,0.6787328,0.22193171,-0.38269404,-1.7058234,1.3619533,1.054018,1.2495745,0.6519769,0.5162394,1.316335,0.29014632,0.82675767,0.2186084,-1.7602463,0.10788392,0.2180911,1.7623523,0.3700502,1.0980325,1.559886,0.5276839,-0.7333496,-0.15200737,1.4424388,1.181567,1.0132303,-0.42771366,-0.5553547,-1.7437735,1.0040753,-0.19763139,0.6268254
419,0.9490961,0.76096207,1.0,0.0,-1.3096296,-0.12615435,1.490421,0.0,0.0,-0.18299592,-1.4917334,0.30750528,0.26696438,0.607795,-1.0554062,-0.5304565,0.51051474,0.6024798,-0.3040536,1.6437494,-0.31019974,-1.4219289,0.46649674,-0.15372717,-1.7095046,1.0822237,0.5182493,-0.06269171,-1.3438826,0.7669757,-0.923702,-1.4036732,1.1100409,-0.015039548,-1.6888738,1.5732404,0.46574217,-0.17473285,-1.5482703,-0.5390146,0.6044579,0.47842017,0.5679328,-0.030957518,-0.78322977,-0.5357304,1.1385331,1.1519557,-0.7823334,-0.28918636,0.1514038,-0.12838137,0.1688843,-1.3114499,0.19974084,-0.14735955,0.35654747,-0.1026304,-0.47767884,-0.51641643,-0.30109042,1.4667302,-1.0998126,-0.26281673,1.0309471,-0.6407926,1.1641909,0.6894804,-0.82119775,0.91145617,0.7054044,-0.53262246,0.6884641,-0.70443004,-1.0395781,-1.6986284,-0.83871746,0.4600758,1.4875745,0.14352605,0.88496214,0.12410289,-1.7038223,1.4896039,0.573744,1.2133979,1.2440131,-0.72436625,-0.32436812,0.7898096,-1.1353343,-0.31997305,1.0729572,-1.2810116,-1.0793037,-0.8438907,0.8459738,-1.1431328,0.08621881,1.1317062,1.177934,-1.2827321
420,1.2466974,1.5193506,1.0,0.0,-0.071489215,-0.3716582,1.3299954,0.0,1.0,1.0013961,-1.326277,-1.1001911,1.7200465,1.4180703,-0.25338033,-1.458185,-1.0282538,-1.1360348,-0.34614468,1.1476849,-0.3153268,-0.446263,1.1130288,-0.3968175,-0.07692369,-0.22275314,1.213754,-0.24330191,1.2044331,0.20516737,-0.20887433,1.4025027,1.5277845,-0.21495768,1.2633547,-0.5817411,-0.4324813,-0.19468847,-1.030114,-0.34212375,-1.6713254,0.2502044,-0.6048001,1.6326712,-1.5359585,-1.5041975,1.2778246,-0.102921836,1.4851985,1.3404627,-0.120432764,1.787686,-1.4115196,-0.4929202,0.10825709,-1.2094061,-0.8781135,0.47888714,-0.9603299,-0.6657147,1.5302796,-1.5392076,-1.5330795,0.92640346,-0.20615587,-0.2525509,0.59947944,0.04636014,-0.31238768,1.07287,0.70417494,-1.3695518,-0.58482486,-0.19221897,-0.7026352,1.2187557,0.39832512,0.86617726,0.31108168,-1.5628774,1.4165068,1.0213233,-1.5139112,-0.8014801,0.6810777,-1.3623453,1.2358088,0.38001734,0.16783728,-1.4697644,-1.4806828,-0.5474256,0.9886209,0.41188896,1.6443529,0.96458006,0.7741488,0.45831156,1.098108,0.83114594,-0.82573116,0.76220566
421,-0.32716238,-0.40980476,1.0,1.0,-0.324122,-0.61535114,-0.056734335,0.0,0.0,0.36234182,1.2954096,-0.42147017,0.852345,-1.0825077,-0.119339675,-1.0079038,-0.01210071,-0.19898401,-0.26738694,0.92577565,1.3067302,-0.5066895,-0.7900474,0.04553873,0.552957,-0.5428937,-1.1279562,-0.40120703,-0.26645297,-1.5588001,1.0562513,-0.6537373,-1.1639559,-1.1173404,-0.6128484,-1.4779215,0.80097884,-1.6018016,-1.7192787,1.346035,0.6362526,-0.8186628,-0.037594277,-0.5915449,0.7437175,0.18752967,1.3744657,0.2181311,0.27716,1.3981436,1.0619444,-1.1991031,-0.06433202,0.9089856,-1.04096,0.23971397,0.09296973,0.1362634,-0.35236746,-0.7946532,-0.22544584,1.2361856,-1.0917279,-0.28244916,0.95416474,0.788675,1.6066772,0.7428297,0.9943814,1.6085328,-0.28395027,-0.7724382,1.0870825,0.9188644,-1.1344712,-1.5940359,-1.5324957,1.1212468,0.2352445,-0.61199486,0.5289418,1.4491384,0.5393723,-0.8454759,-0.06376578,-0.42455056,1.5908008,0.7357737,-0.2466629,0.106764644,-1.2014636,-0.25532544,-1.6192307,-1.4294627,-0.5003399,-1.319388,0.509892,-0.2951948,-1.1076831,-1.1877965,0.19066665,-0.12779522
422,-1.1232629,-0.9192649,1.0,0.0,-1.4349462,0.5336242,-1.2509595,0.0,0.0,0.11255833,-1.2495828,0.31160572,1.2660216,-0.8770459,1.0521687,-1.2109851,-1.0072871,-0.8523707,0.45043764,0.32075354,-0.27155456,-0.06218482,0.23641077,-0.41902924,-1.3328502,0.603622,0.065869585,-0.14396167,-0.028494576,0.85079306,-0.18034436,0.110487096,1.0749136,-1.3232214,1.3541362,1.3254193,0.8189377,0.13704899,-1.2677643,0.8229126,1.5800675,-0.57614577,1.4504205,-1.1462781,1.4808567,0.96545887,-0.07132636,-1.0302376,-1.5732381,-0.03772969,0.37835464,0.2297316,0.9898908,-0.10282085,1.0573817,-1.191633,-0.82453644,-1.5920975,-0.7474336,-1.316692,1.248861,-1.3754997,0.8400686,-0.26538762,1.3921772,0.12478954,-1.1800177,0.6144253,0.4773874,1.2811612,-0.15655752,1.0121632,1.2554163,1.4680089,-1.496282,0.087007776,0.5480693,0.788689,-0.6855886,-0.827132,-0.25640056,-0.8329807,0.29799914,-0.6403382,-0.37037975,1.4588144,-1.507258,0.79490954,1.0008206,1.4920355,-0.07542038,1.189904,-1.6334745,-0.16183712,0.55602384,0.31244352,-1.7421316,0.8788891,-0.8364005,0.33124423,-0.7034587,1.684196
423,0.9195192,1.164557,1.0,0.0,0.1855375,1.1838471,0.39481258,1.0,0.0,-0.009772679,0.6062096,-1.1361312,-1.2652239,-0.40554118,0.09264668,-1.3294929,1.2958957,0.65668195,-1.0831212,-0.3693097,0.60804635,-1.3207656,-1.1340382,0.0055790436,1.4819344,-0.963451,-1.1438633,1.3149325,-0.22446604,0.42032635,0.58957225,0.41226208,0.28669915,-1.4962447,-0.14928922,0.5058783,-0.5065946,0.9875469,0.6065027,0.39468175,0.6255589,-1.0656283,-0.82494724,0.616292,-1.038234,-0.24630761,-1.4025937,-0.77848417,0.21181287,0.62895656,-1.4833634,1.0034916,0.812155,0.52242345,0.04786707,0.17801017,1.2470858,1.2421166,-0.54529023,0.40261933,-0.9705832,-0.06553259,-1.1469268,1.6078751,-0.43339399,-1.4640287,-0.7469976,-0.72106534,-0.06343531,0.9168593,-0.10106801,0.19028786,0.35729536,0.37354526,0.040638264,0.5084521,-0.98569834,-1.2072432,-1.018505,1.1346209,0.6264287,0.9795547,-0.26673833,0.5451878,-1.5542247,0.5461495,1.5153445,1.4739226,-0.8881736,-1.6324741,-0.023889558,-1.1893998,0.099589154,1.0037721,0.19107185,-0.20444545,-0.68885833,0.25629053,0.19825748,1.5958452,-0.38867646,0.9159639
424,-0.35342023,-0.47875994,0.0,0.0,1.0155151,-1.5434028,-0.5051402,0.0,1.0,-1.5898126,1.0212692,0.29835442,-0.3049987,-0.044884525,1.4679683,-1.6050667,-0.3189433,1.4793327,1.009893,-0.4734432,1.6052887,1.1502842,-1.2376915,0.4452574,0.59925276,0.0005989062,-0.45917186,0.30807656,0.30569878,-0.19795549,-0.77997524,1.3591921,-0.80473053,1.1844641,1.4458156,0.26655638,-1.6770456,0.58374614,-0.80913615,-1.1797376,-1.3347608,-0.44874454,0.5234579,-1.4433664,-0.76413757,-0.96840537,-1.7717615,-0.594489,-0.20973955,0.44964895,0.4510435,-0.014441474,-0.2506791,1.0079736,-0.9579225,0.7943025,-0.7007743,-1.3604145,-0.2698395,1.7529062,-0.48035297,-0.19501661,-0.72622246,-0.88729584,1.3068756,-0.7241486,-0.9687446,1.5607288,-1.151065,-0.52669674,-0.31439602,-0.0035774051,0.73278993,1.2002873,-0.03787284,-0.5547862,0.4990016,1.627376,1.1478196,0.8086638,1.7383437,0.67153126,-1.4434187,-1.2020591,-0.23287918,-0.33505595,0.08196818,-0.31394216,-1.198749,-0.39559844,-0.5242047,-1.7184566,-0.57127476,1.0043662,0.4413239,-0.14072864,-0.25932392,1.23446,1.5252068,0.12604366,1.6080756,-0.9282797
425,0.03980474,0.43879628,0.0,0.0,-1.3379502,0.007683058,0.7440439,1.0,1.0,-0.82767916,0.38832316,-1.06715,0.02724876,0.20234789,1.1871082,0.8324471,-1.3291339,-0.9784809,-0.51200247,-1.2336502,0.0074921553,1.4171128,0.6315736,-0.95906126,1.1155242,-0.660857,0.78651065,1.4593123,-0.81010616,-0.0012526175,0.4867178,0.20598231,1.3621516,-1.6788585,-0.77949804,-0.80121946,-0.49498054,-0.37485778,0.41845837,-1.2755861,-1.4412986,1.1637397,1.3494027,-1.7504392,0.23011541,-1.1717998,-1.6404012,-1.0819438,0.25875235,-0.7664274,0.3281595,-0.8964932,-1.5986954,0.9351562,-0.43558216,1.6247104,0.7064878,-0.8949068,-1.3933038,0.7436885,-1.4600748,-1.1846341,-1.297989,-1.6367313,-1.6947515,1.753412,-0.297945,1.4077462,0.2995804,-1.0443288,1.625795,0.08879664,-0.16507828,1.1557847,-0.55025405,-1.3302913,0.48222128,-1.4026055,0.550404,0.50798583,-0.39929035,-0.10757748,-1.3445127,-1.2834412,1.2361189,-1.6224558,-0.3798181,1.2020134,1.7061064,-1.4018683,1.0705262,0.8086497,-0.021204093,-1.0800377,0.6782686,1.0265373,-1.6749705,0.8257324,-1.0251268,-1.1898596,-0.7932901,1.4036473
426,0.02993258,0.13475034,1.0,0.0,0.7609476,-1.686869,-0.28770173,1.0,0.0,-0.53989524,-0.8973524,-0.7727866,0.9938162,-1.36035,-0.2986968,0.1388824,1.4491658,0.5694242,-0.73543113,-0.29374063,0.5558527,0.6721101,-0.3826334,0.6790006,1.3060315,-1.5856355,0.3711332,0.28707334,0.00976207,1.2876688,-1.4071685,0.6943465,-1.317823,-0.26800597,-0.244355,0.4248104,0.90879804,0.6978194,-1.6744504,-1.6819968,-0.3536666,1.0468024,-0.90279907,-1.7317334,-0.19054882,1.6911175,-0.42218298,0.22375856,0.95659846,-0.57895494,-1.4114343,-0.46291882,-0.7185677,0.0475987,0.035996843,1.192971,-1.3043429,-0.16730902,-1.6739653,0.01977901,0.63766056,-0.01019974,-0.20543714,0.191336,-0.460385,-1.2571983,-0.41229543,-1.3956432,-0.45381087,1.1778761,-0.5132515,1.1972029,0.11379765,0.71729726,-0.44053876,0.44032195,-0.3871048,0.09465502,0.6470778,-1.6295234,-0.4117486,0.35890582,-0.82299787,-1.1612518,-1.2511427,1.6248215,-0.6140869,1.4498887,1.5790923,1.3405472,1.2829319,0.37815052,0.37155804,0.7572714,0.032273535,-1.5213295,1.6623584,0.6407839,0.8639128,0.22133543,-1.3454549,-0.5532142
427,0.76849717,-0.06688774,1.0,1.0,-0.36674702,-0.68504006,1.3747169,1.0,0.0,-1.4399283,0.68294144,-0.93614376,0.9165677,-0.04197343,1.8019024,0.12906122,1.1624539,0.6748403,-0.44894785,-1.5200357,0.7542719,0.486985,-0.57654727,-0.5375818,-0.7623736,0.42036328,1.5269456,-0.20969261,-1.0797114,-1.7527245,0.02791265,-1.3763125,-0.6054467,-0.47401544,0.97962177,-0.7603389,0.1944389,-1.5756167,-0.391839,-0.37720332,-0.7659158,-0.44712108,0.3668299,1.5281476,-0.9283945,1.5772119,0.03021848,1.1615239,-0.63174987,1.3586957,0.33822682,-0.6573301,0.30356035,1.2985054,-0.53986084,-0.5766944,0.14827518,-1.0328399,1.4915106,1.311822,0.8086321,1.7668874,1.6124312,-0.6471955,-0.1609352,-0.68914425,0.9436704,-0.1398875,-0.8652057,-1.4877378,-1.6997186,-1.0052336,0.2732827,-1.02234,-1.4405342,1.0437937,1.6455793,-1.2453139,1.2824756,-0.38663834,0.6347794,1.3938807,-0.91477156,-0.7287161,0.26225165,0.95761526,0.022850608,-0.18191122,0.22926867,1.1195238,1.1155032,0.35508278,-0.5874931,0.9863488,-0.22660658,1.4063947,1.6944185,1.3911592,-1.4742368,-1.4777213,1.4914713,0.32309693
428,0.85573035,0.40542343,0.0,0.0,0.3478356,0.10195804,0.9391805,0.0,1.0,-1.445067,1.6524706,-1.1918135,-1.3756187,1.3312525,1.4592357,-1.0165458,-1.392972,0.2558902,-0.6274293,-1.0237236,1.2256893,0.23676144,-0.26220462,-0.16624337,0.9708233,0.060562287,-0.16085795,0.44644052,1.0108992,-0.8083688,0.61302394,0.36761478,0.7610119,-0.44870892,0.77944034,-0.30277222,1.2203212,-1.4762423,-1.4671127,-1.0557804,-1.2928935,0.1842027,-1.1938254,0.049992952,-1.2519871,-0.75535923,-1.0859146,-0.40110263,1.3010005,-0.45204803,0.45883265,-0.93666905,0.81129926,-1.2154858,-1.1280217,-1.691037,-1.1019512,1.6482993,-1.071738,-0.4006616,0.89990795,-1.2419407,-1.442763,0.9640467,1.6012542,0.7688991,0.7357026,1.4635414,-1.6696151,-1.636808,1.063636,0.81101215,0.084455125,1.0480106,-0.54338926,0.18940789,0.32708648,1.1566126,0.9769771,0.28444198,0.5063025,-0.053321287,1.2469639,0.011680935,-1.3261966,1.0268203,1.3909066,0.05354311,-1.1202841,0.48057893,-1.1455233,1.1582743,-1.0750812,0.5913333,0.08025374,1.1508634,1.6097806,-0.52110875,-1.0449893,-1.6918433,0.3210681,1.346926
429,-0.63594353,-1.0027542,0.0,1.0,1.591227,-0.4070131,-1.0020448,0.0,1.0,-0.5051057,-0.54802054,-0.778948,1.7570426,0.21925354,0.50125027,1.2870721,0.9119854,0.2769739,1.2756468,-0.73991966,1.665596,-0.7917128,1.3775685,-1.5974517,-0.13279243,-1.6631824,-0.047295455,-0.8646889,-0.90931803,0.0058164448,-0.71658933,-0.19721514,-0.5538733,-1.550322,-1.0915253,-1.4956814,1.598924,1.5888764,1.2672675,1.1932784,0.6959924,0.65097445,-0.86668116,0.9987608,-0.96896803,-0.23300335,-0.18868013,0.79142076,0.8604766,0.78787535,1.7194504,0.42767105,-0.57692164,-0.83460397,0.98412555,0.25635082,-1.5031596,-0.46877736,-0.01251933,0.9735407,0.19354902,0.20418079,-0.6532957,-0.06471105,-1.5468708,-0.9048753,-0.94823676,-1.5873377,1.605995,1.3518155,0.80631465,-0.53909236,-0.6318075,1.3867888,0.4719895,0.11358096,0.88725567,-1.0697078,1.4167247,1.0942705,-0.9243451,0.95372856,0.4504157,-1.1230764,1.6131465,-1.116915,0.05966543,0.10611065,-0.8572566,1.6899241,-1.3194946,-0.47829446,0.46521318,0.5089246,0.3088883,0.62807643,-0.727714,-0.58991003,0.82501256,1.5426574,-1.2264154,-0.2122856
430,1.5944891,1.5152674,0.0,0.0,0.20656292,1.0628003,1.7034345,1.0,0.0,-0.8648088,-0.23824795,0.350299,0.16884156,-0.7979069,0.19866642,-1.1611841,-0.045503322,-1.5584396,-0.1027257,0.36340043,-0.13678987,1.6100564,-1.4328119,-1.2716507,1.3162959,0.7422833,0.06789608,-0.17119579,-1.693257,-0.23469238,-1.1989717,-0.9976821,0.4555538,-0.6489669,1.0452639,1.5692894,-1.0777663,0.7139952,-0.5419852,1.3699647,-0.12078239,-0.48120353,1.3877789,0.17006522,-0.7272546,0.66965586,-0.95257324,0.24206531,0.87998545,0.5297191,-0.9639775,0.49076828,-0.2962619,0.32972112,0.30519533,-1.4092526,1.691456,-1.3364745,-0.9293304,1.3763642,-0.1524045,-0.99969214,0.6080548,0.104571894,0.9665836,-0.063513964,0.23905979,1.5895253,0.36479542,-0.22345273,1.3495073,0.49152237,0.66330963,0.6678589,1.4890655,1.5789015,-0.26744267,1.4704677,1.2081597,-0.9478772,-0.42677486,1.5780649,-0.15611407,0.75298333,-0.4418415,0.109381095,-0.8927306,-0.9319262,-0.6467752,1.4371125,0.75044096,-1.37363,-1.6093714,0.10680051,0.19556606,0.46013945,0.88958955,-0.80034584,-0.4003037,0.15004268,0.296015,-0.43111274
431,-0.6100466,-0.8468486,0.0,1.0,1.5577499,0.098396085,-1.0810174,1.0,1.0,-0.8552588,0.2498504,0.16712907,-1.421115,0.031210247,-0.3097118,0.19622606,0.3350457,1.1563323,1.5743154,-0.67831,1.3323952,-0.7036525,0.092088625,-1.250668,1.4748482,-1.6361288,1.0758183,1.2909614,1.1105905,-0.31157002,-1.1935413,-0.8079921,1.4842348,1.1407253,-0.34549937,-0.4302983,-0.5740213,-1.3993812,-0.93288255,0.48909664,-1.4279588,1.0221031,0.6776056,1.2169356,0.30912063,-0.1392951,-0.93104124,-0.9751492,1.5386938,0.7877311,-1.5410084,-0.13858236,-0.13869639,-1.5234106,1.5230618,-0.7556551,-0.9968022,-1.6440552,-0.765354,-0.8928039,-1.4328867,1.6821516,-1.611453,0.19901432,-1.4829206,-0.4740368,-0.7925215,-1.0531523,1.516687,0.96154636,1.3363589,0.71374416,1.5212033,-1.5709076,0.040634777,-1.1540862,-0.5269242,-1.3251132,-1.0066067,1.1420578,0.27923465,-0.48456645,-0.95501184,0.9430204,0.4713771,-0.61784923,-0.20028636,-0.31374842,0.47088423,1.730762,-0.073375985,1.3677604,0.18653291,-0.8846961,-1.1244433,-0.6873322,1.2408386,1.0566009,-0.6233798,1.4881288,0.18606876,0.3057695
432,1.63706,1.8450716,1.0,0.0,0.45163652,1.3809527,1.12798,1.0,1.0,0.7205699,-0.13413234,-1.2135849,0.17777254,-1.5367055,0.6674239,-0.07805315,-0.4613232,0.4167929,0.4334764,-1.0713848,-0.10193003,0.33261818,0.08041818,0.6680248,-0.5193979,-0.17031798,-0.74540037,0.8618915,-1.7089751,0.34470153,-1.5144085,-0.91862017,0.72202384,-0.34684724,1.2693782,0.15459858,-1.2955786,1.5179877,-0.54714686,1.6234378,-0.62905675,0.90308493,0.5466048,0.93964213,-0.48519927,-0.5346521,0.9071653,-0.76635647,0.7509838,-1.3259848,0.5872071,1.5401275,1.5650023,-0.7460266,-1.1283492,-1.4031487,0.9161088,0.4977739,-0.9493211,0.4334156,-0.5844058,1.2605873,-1.553922,-0.26403645,-0.85210204,1.1439985,-1.0493464,-0.7433869,0.6083827,1.2043911,-0.37047383,1.5410933,0.15035935,-0.43465555,1.5499296,-0.40223306,1.4908825,-0.40173197,-0.8415647,1.0658584,-0.47864652,-1.1473972,-1.081316,-1.0795734,0.1257547,-1.6200749,-0.45693958,0.054449115,0.99660826,-0.59146994,-1.2687987,1.4323156,-1.3747835,-1.3162051,1.7725848,-0.5956601,1.5191888,-0.116968326,-1.5738912,-1.302642,1.1537102,0.76072997
433,-0.26433045,-0.5389297,0.0,0.0,-1.3508149,-0.29038396,0.4391708,1.0,1.0,0.041222952,1.1586134,1.1332661,-1.0793288,1.3070118,0.8344516,1.5038959,1.2678171,0.92896724,1.0215533,1.3222984,0.89145446,-0.44493493,1.3188156,-1.2843074,0.27093682,1.1758437,1.1172235,0.88927567,1.6947453,1.0997936,-1.6015472,1.6668007,0.769573,-1.5304605,0.965257,0.5244943,0.02846936,-0.6213203,-0.6697354,1.0005105,-0.07231185,0.15014163,0.22366524,-1.0520145,0.33388382,0.85020703,-1.3284568,-0.6748039,1.356984,-0.12655783,1.3372164,0.40754092,0.19585675,0.65741765,1.1642172,0.1749074,-1.2673749,1.3417728,0.85456604,-0.6897327,-1.4513372,1.0578299,0.9887131,0.7846346,-1.3604922,0.5221967,1.0921758,1.0407429,1.088922,1.7247065,0.21883368,-1.0547085,1.7007821,0.92113984,1.7097715,-1.1620158,0.90716803,0.63638544,-0.7134429,-1.7635567,-1.174541,0.4045349,1.6795529,-0.43209,-0.107285574,0.1574371,-0.6164103,-0.6428922,1.5467061,-1.0878022,1.6546423,0.16283977,1.2174029,-0.26461577,1.5086933,0.09220702,-0.11355846,-0.56494474,1.6657711,-0.69095385,1.5506802,0.56084275
434,0.7943194,1.1637266,1.0,0.0,0.36009705,-0.38859168,0.5495914,0.0,0.0,0.5352155,-0.7290163,-0.24869575,-0.71479714,-0.5194192,1.3016709,-0.8953814,-1.0787357,1.2751075,-1.6147733,0.22876175,-1.557537,1.4053465,-1.5229197,1.5706774,0.06092759,1.4315442,-1.2115967,-1.7440251,-0.9102227,0.95917875,-1.6051275,-1.2634361,-1.4489384,1.4701494,-1.0460398,-1.3321803,-0.35878694,-0.9940533,1.1769024,-0.59390336,1.5119997,-0.4747184,-1.4721119,-1.3468932,-0.4266421,1.2035607,-0.59906584,-1.6610693,1.3586448,0.5348222,-1.4224159,-1.344364,-1.6759529,0.21254164,-0.9517143,1.5689197,0.93817383,0.4760717,1.5578655,-0.9979544,-0.57841295,-1.1160485,1.1773797,0.9902991,-1.1321661,-1.223191,0.72213805,0.09739267,0.5094254,-0.11806611,1.2067926,0.8140627,0.5593706,-1.6645406,-0.73752767,-0.22732177,-1.6797098,-1.3101233,1.0024279,-0.30219486,-1.6636906,0.25269473,-0.5526395,0.87252295,0.71138686,0.16351168,0.43933064,-1.5585706,0.67105794,-0.1408106,0.38722226,-0.06732223,0.55936915,1.3246782,-1.3965245,-0.53104925,-1.6301044,0.6264065,-0.1789814,-1.6412038,-0.22886395,-1.1213297
435,1.3029987,1.484945,0.0,1.0,0.50812477,1.2825341,1.5606434,0.0,1.0,-1.1874292,-0.10236105,0.32091093,-0.38916025,1.2591722,0.5818999,1.2565128,1.6950257,-1.2197374,1.3010981,-0.9891637,1.662187,-1.0431314,1.0421166,-0.08097425,-1.0831486,-1.4051234,-0.9764237,-1.3525479,1.6957214,-1.7172228,1.5620947,1.6754788,-1.0873927,-1.6548808,-0.18652369,-0.38520676,0.76986915,0.0080149,-0.38413644,0.5114283,-1.2538096,-1.5310844,0.86148655,-0.3432037,0.43188283,0.3414329,1.3146181,-1.2403206,1.3411145,0.03778762,-0.31836304,-0.09801048,-0.46171597,0.039564602,0.08081244,-0.31467608,0.79976726,-1.5761173,0.7402397,-1.121572,-0.14745048,0.21625045,-1.3944407,1.4374136,0.7322256,1.1548412,1.4189076,0.32901165,0.51706135,-1.2531611,1.3604422,0.33444738,0.1348545,1.4982305,-0.9046364,0.9809458,-1.4346211,-1.4427345,0.6817517,-0.6949109,-1.4123468,-0.86029035,-1.5776807,0.89762646,0.035607323,1.6631582,-0.6631881,1.7008917,0.08522551,0.9426819,-0.3612879,0.26411787,-1.3800768,0.88613504,-1.2411994,1.6663095,1.2297698,-1.5691057,-1.3692608,-0.93235403,1.5048565,0.97473484
436,1.505048,0.7829573,1.0,0.0,-0.63089246,0.7964302,1.6338645,1.0,0.0,1.6575729,-0.2926926,-0.81960243,-0.39450055,0.47238204,1.4804827,0.61095345,1.2850323,-1.5787936,-1.7399304,1.0340827,-0.507974,1.1369311,0.34870926,1.4340338,-1.693515,-0.28797537,-1.2619691,-0.9605428,-0.29523987,1.1867172,-1.4563158,0.54649085,0.91748047,-0.14514792,-1.517539,-0.2501107,-1.2003987,-0.19000149,1.5295687,-0.36435893,-1.6078178,-0.63075125,0.008305288,-1.185911,-1.3707061,-0.64064974,-0.16868393,-0.6224442,0.68465453,-0.86944616,0.18463457,1.7917591,1.5580667,1.3564248,1.2917621,0.8467452,1.2702634,-1.306132,1.1057135,0.076441556,1.0146115,-0.9743288,1.681536,0.059266377,-0.4660162,0.6527596,0.17007664,-1.1315849,0.1698676,1.8146017,0.66044986,0.97873074,0.80631256,1.1057835,-0.043165784,0.24857177,-0.86195517,-0.15269056,1.2554913,0.9924123,-0.42665395,1.2339944,1.4351974,0.6884857,0.42190588,0.22706936,1.1775805,-1.6246703,-1.1690598,-0.5410731,1.5950754,-1.129704,0.29892033,-1.2645867,0.7173969,0.7652582,0.74288285,0.172146,0.9156565,-0.7855179,1.6112522,-1.3161477
437,-1.8097699,-1.8708947,0.0,1.0,0.51746416,-1.6397885,-1.6606715,0.0,0.0,0.06052727,-1.1468251,0.49655518,-1.0300254,0.533514,0.76339036,-0.315664,-1.1142863,0.7527738,0.67648304,0.77421093,0.73135084,1.2596163,1.4066268,1.1187325,0.4594355,-0.6186778,1.340093,-1.123566,-1.2074052,-1.7565397,0.14593427,-0.37857187,0.39946106,-1.1642725,0.97558385,-0.6592912,-1.4608097,-1.6638342,0.9450977,0.92875516,-0.9788179,1.0486598,0.8212933,0.94052994,-1.5310491,-0.19057465,1.127394,-1.4976534,-1.0390098,-1.3237665,-0.565732,-0.09611099,0.41502926,1.3579067,0.25684246,-1.222702,0.28249457,-1.7241819,0.6773696,-1.0254186,-1.2116094,1.1663177,-0.4082254,-1.1205716,-0.12600817,0.3089717,0.6536206,0.42029628,-0.92421675,0.07462268,-1.337339,1.1385702,0.13089861,1.4924161,1.3979228,0.85268897,-0.4950839,0.4125572,-1.3367014,-0.79583013,1.7172357,-1.6489584,1.250912,1.3502212,1.780724,-0.85182023,0.5691428,-1.1109942,0.5711098,1.3716302,-0.3804847,0.62869585,-0.7751726,-0.9065569,-0.24919495,0.54347795,-1.3137449,1.1754872,-1.7229519,0.35179693,0.6156158,0.6704401
438,-0.35845655,-0.6722598,1.0,1.0,-1.7625425,1.0309579,0.18433051,0.0,0.0,-1.6428096,-1.1624101,0.6075065,0.42715377,-0.07364703,1.0504048,1.3967488,0.7395625,-0.8938399,0.24093896,1.1808332,-0.07795872,-0.7771336,-1.0543495,1.1127807,1.1789386,0.18618487,1.6610445,-1.45729,-0.03681803,1.0373768,-0.80396587,0.20811969,-0.8180835,-0.98751915,-1.579638,0.38828558,1.5237074,1.3566508,1.6323482,0.2856996,1.5588374,0.11243388,-1.5207489,0.8567529,1.0652916,1.6586921,-0.7514364,-0.18678834,0.84950453,1.3061326,0.26156682,1.0928687,-0.044771645,-1.4302671,-0.072030574,-0.6188228,-1.3629788,-0.24022765,1.0442816,0.28335932,-0.81215644,-0.19188519,-0.68961304,-0.042491883,-0.94791853,-0.1411369,0.6261585,-0.9430844,-1.554758,-1.3549179,1.0934331,1.6005408,1.3057088,-0.25381944,-0.28066796,0.75708437,-0.8562123,-0.66569984,1.4893231,-0.85365885,0.754766,1.7080588,1.4978857,-0.061394084,1.630975,0.49612868,-0.30792055,-0.27426913,1.4164287,-1.5674367,-0.55567193,-1.2240888,0.43852425,1.1175023,-0.76126194,1.0130713,-0.2856745,1.0469177,0.55076456,-0.8303805,1.5606004,0.75047576
439,-2.093531,-1.8296736,0.0,0.0,-1.65101,-1.0808347,-1.540428,0.0,1.0,0.8917017,-1.1295915,0.5721854,-0.5255218,-0.2544246,-1.131855,0.35476544,0.16277452,-0.31373194,0.14469166,1.4739296,-0.9694492,-0.91051275,-0.98696405,1.1139354,-1.6931206,-1.0460407,1.3251795,1.2267278,0.85060257,-1.5700705,-0.095849864,1.515553,-0.8651472,0.83922786,1.5565711,-0.34707648,0.0062280903,0.16030668,-0.22375633,-0.50179726,1.1253512,0.650123,1.4982586,0.36406744,1.4365146,1.441065,1.1215807,0.84203035,-0.7019531,-0.47787982,-0.97748584,-0.8564912,-0.20093048,-1.2198855,0.04080454,1.3336285,-0.62776536,-0.70029896,-1.6030806,0.9643014,-0.4566165,0.9916203,-1.4528947,1.6090337,-0.32042912,-0.098889716,1.3266182,-0.84377116,0.31796557,-0.73052204,-0.08659058,-1.1306007,1.7504776,-0.30993384,1.6318495,0.6963444,-1.3274754,-0.14216499,1.3108045,-1.3205681,-0.51657426,-1.3269428,0.27343044,-1.0395839,-0.9321309,1.6945205,0.7890975,-0.33161727,-0.5207976,-0.5301079,-1.1184177,-0.4915561,-0.45941845,-1.2125007,-1.1290354,-1.5169669,-0.33321244,-1.27158,-0.8994563,1.3703873,1.219134,0.4742771
440,1.273175,1.9425863,1.0,1.0,1.696189,-0.03612826,0.8503904,1.0,0.0,-1.1281897,0.4683798,-0.21058482,-1.6235932,1.1941504,0.88115835,-0.14283192,1.0727618,0.36614785,-1.037939,0.5959568,1.1081188,-0.9023337,-0.2043153,-1.4797664,1.213853,-1.6659442,-0.65245754,-0.4731073,-0.27492505,-1.6275408,1.232655,-0.15036754,-0.31763557,1.1474875,-0.48795912,-0.32299906,1.5032355,0.7935817,-1.6004931,-1.2036233,-0.5284319,1.3012697,0.80672437,-1.7087562,0.4314499,0.10706589,-0.7811026,-0.4111452,0.19854335,0.80265987,0.16950735,1.3155111,1.6573588,-0.82144755,0.8829557,1.1012093,-1.2604152,0.051688816,1.2122135,0.06166709,0.69070286,-1.2126493,0.43746755,0.7129159,1.2461314,-0.619936,0.8486407,0.3792229,-1.1317598,-1.3580621,-1.2087964,1.2246025,-0.44349128,-0.28952488,0.44983956,0.8467729,1.4234937,0.8165034,-0.88221335,-1.1962677,0.14149944,-0.67422473,1.364745,1.4385844,-0.02259786,-1.1135784,-1.675516,0.18316455,-0.9413606,-0.31951562,0.2712746,0.8811231,0.10835584,0.6988949,-1.5909572,-1.101271,0.8324868,1.3101811,-0.6990885,0.21517366,1.5864114,1.5069145
441,-1.313978,-1.9525771,1.0,1.0,-1.0764408,1.4960796,-1.4815865,1.0,1.0,0.97268546,-0.918753,1.262903,1.4192978,-1.1815062,-0.61422133,0.07822851,1.427453,-1.7782799,-0.265373,0.07869887,-1.4229708,-0.81856674,1.7307376,-1.0466746,1.6121004,0.008646334,1.5248915,-1.2135805,-1.4431411,1.5532773,-1.0726794,1.1741285,1.4550649,0.7607046,0.8350311,-0.09397779,-0.31491107,-1.2015611,0.67348474,1.6248296,-0.3940072,-0.17185096,0.71105695,-0.3658062,1.2266948,1.5537857,1.1487257,1.3102056,-1.4872744,-1.453649,0.8310172,1.062807,-0.088260345,1.380456,1.596675,-0.08371558,-1.2503206,0.4842635,1.5232885,-0.8462806,0.53215206,-0.71499217,-0.893842,0.4011144,0.4448549,0.45348346,1.2552772,-0.42007875,-1.4441599,-0.28776374,-0.9521012,-1.3849152,-0.90893936,-0.5901934,0.6092643,-0.07194276,-1.4891567,0.44533727,1.1717353,0.21385571,-0.9511162,1.605609,-0.2291661,-0.13448136,0.99706984,-1.515396,0.36218864,0.50831246,0.27882385,0.46496636,1.5783188,-1.3320713,-1.4503964,-0.17751777,0.017204916,-0.24026418,0.48484448,-0.20880042,-0.44356915,-1.62604,-0.020544287,-1.2229967
442,-0.056960735,-0.1926348,1.0,1.0,-0.6040756,0.62691635,0.10773328,1.0,0.0,0.31220967,-0.5861027,-1.2155038,0.048547875,-1.4362803,1.1060402,-0.40529132,1.4926499,1.5499305,-0.5882641,0.8903241,1.6736941,-0.41597545,-0.5492136,-1.5431412,-1.3742039,0.058725122,-0.030091226,0.87551445,-0.7378628,0.049091,1.4709526,1.2579678,1.3547024,1.0511606,-1.134543,-0.34910488,-0.55853593,0.4067683,0.27892062,-1.2141372,-0.4574261,-1.373073,-0.4864258,0.8453229,-0.2292053,-1.1620272,1.5847051,-0.06925466,-1.1385561,1.5753697,1.328742,-1.4359478,-0.14081702,0.39260703,-0.5405342,0.85934454,-0.47267404,-0.9438213,0.5759994,0.14550902,1.6228698,1.5058321,-1.6401578,0.5850773,-1.6756076,0.10903824,0.4891156,-0.16781051,0.9747884,0.13220556,0.8762246,-1.2633038,0.06801972,-1.1412029,0.23403618,-0.82679856,0.38893056,-0.43800104,-0.6799307,1.1199045,-1.5874165,-0.27677506,0.7124432,1.5852162,0.13477786,-1.5810997,1.3379525,0.62345916,-1.532737,0.19882062,-0.80395263,1.0579991,-0.0045382692,0.30364403,1.5729414,-0.06305107,1.1900584,1.6738825,0.25672358,0.17648822,0.9292849,-1.5820645
443,-0.0023406628,1.00396,1.0,1.0,-0.46854928,-0.85025793,0.48593983,1.0,0.0,-1.3743334,0.4739633,0.5926141,-0.15835546,0.5700056,0.20550196,1.5525165,0.5916334,0.80452883,-0.10079625,0.6273111,-1.0002645,-0.077816255,1.6089083,-0.5553434,0.58463913,-1.2661059,1.2260422,-0.5263474,0.44565642,-0.60035086,1.0327243,-1.148707,-1.6573532,1.0294966,-0.94022256,1.3663163,1.6119642,-1.6297842,0.37448096,-0.13393906,0.75075865,-1.3327193,0.6891127,1.1040225,0.62230706,-0.40236706,-1.3366266,1.5963784,-0.04300059,-0.9394201,-0.89108413,-0.98815244,0.6731822,0.19790964,-0.75151193,-1.4708818,-1.3158445,-1.6034169,0.3757499,1.0883713,0.14279716,1.1763589,-1.390371,-0.7209967,0.48039046,1.6021353,-1.2251258,1.5970881,0.6014847,1.203832,-1.7037685,-0.28840736,1.1398535,-1.3033627,-0.87448657,0.41941842,1.3156202,-0.5322414,-0.35613605,0.3595066,0.80785555,0.21094437,0.42500934,-0.106043436,-1.1800123,-0.11675776,1.5404807,-1.2459768,-1.1229823,-0.4151077,0.86473286,-0.12673324,0.9647847,0.1428197,1.0278219,1.3626935,0.71253514,0.3320916,1.6560732,1.4379772,0.52221787,1.3301908
444,-0.7685934,-1.306754,0.0,1.0,0.24718624,0.81924236,-0.8291585,1.0,0.0,0.6756768,-0.96564674,-0.7230739,-0.71120024,0.022191515,-1.0029879,0.40696946,1.2032057,0.34535137,0.7397917,-0.8533093,-1.3331286,1.0613238,0.17481172,0.9490302,-0.45217314,-0.18204458,-1.6025872,-1.3497528,-1.0817329,-0.21346907,0.42694485,-0.8940937,1.187048,0.9507018,-0.84792244,-1.331026,1.3398477,-1.1615324,1.4256858,0.20350477,-0.42056122,1.5369124,0.029785218,-0.1018184,-1.6897104,1.5477657,0.9500277,-1.2966228,-1.5736558,1.1710442,0.09269752,-0.91271895,-1.8139064,1.1872888,1.5654734,-0.7215925,1.533387,-1.1265967,-1.1946235,1.3859799,-0.7527073,-0.9528932,0.8703382,-0.49655864,0.010203545,0.25843194,-0.32654774,1.2809423,-0.30347937,-0.57838064,-1.5154921,-1.5168096,-0.34382668,-0.7124948,0.54391634,-0.6731868,-1.5340196,-0.86150104,-0.8541837,0.49178094,-0.60364294,0.65353215,1.4726774,0.20130114,-1.4810559,-0.54930454,0.6701789,1.480946,0.41491073,0.68553716,-0.9951225,1.3324764,-0.09625466,1.2310865,1.5366373,-0.38404977,-0.36366358,-1.3863175,-0.43576616,-0.593157,0.521793,-1.3403881
445,-0.71186936,-0.45790756,1.0,0.0,-0.25578016,1.5444864,-1.5566369,1.0,0.0,0.06299294,-1.0290083,1.5945888,1.0872926,-1.3641081,-0.68138766,-1.3255861,-0.24586922,-0.01641341,-0.77817714,0.35240066,-0.218564,-0.9548021,-1.2949938,0.33442447,0.7622378,1.5411575,1.3808511,1.7669613,-1.5433795,-1.5532976,0.16460036,-0.26215547,0.96054417,0.36298758,-1.4026672,-0.41603982,-0.25933936,0.9956738,0.25555494,1.2217696,-1.4758251,0.4957667,-0.5321098,1.0249251,0.4458635,0.53034514,0.58868676,-1.4505082,0.3304304,0.2388922,-1.1815158,0.017657937,0.512121,-0.57396024,-0.20932363,-1.4963537,0.5209807,1.117304,0.99011034,0.18705858,1.0807966,-1.3943377,0.55184764,-0.45246422,0.6269357,1.1156542,1.5767444,-0.23328876,0.05713957,1.1260153,-0.8559738,0.44014055,0.6768285,1.6930367,0.41718656,0.057809383,0.9839489,1.5134964,-1.5885096,-1.6233371,0.5613501,-1.5728846,-1.0337107,0.035586942,1.3508618,0.88021743,-0.80364245,-1.4327524,0.66379374,-0.8160775,0.800485,-0.087543994,0.6676832,1.5595499,0.43726698,1.1610566,-0.7456632,0.43999064,1.2807612,-1.6829782,-0.4085924,-0.7847714
446,1.243085,0.3625154,0.0,1.0,1.384709,-1.2601815,1.7036511,1.0,1.0,-0.6744358,0.15428661,0.41468614,0.5085726,-0.54825044,0.013738844,-0.04511641,-0.62898344,0.016375156,-0.54564106,0.78994495,0.42762864,0.017747534,-0.6332778,-0.118537486,-0.31809685,1.4122691,-0.43194437,-0.7690528,-0.681785,-0.7482775,1.5339396,-1.4686904,-0.6810012,1.4772253,-0.9245983,-0.70010793,-0.92212677,-1.6785058,-1.2227172,-0.60172284,0.039721016,-0.46994823,-1.3833148,-0.8019304,0.58065593,0.516979,-1.3185076,1.4848562,0.5755041,-0.49029037,1.4467775,1.0852323,-0.20265996,0.84456444,0.5312233,1.011388,1.3305774,-0.082981765,0.3822198,0.9741058,-0.47840178,-0.28282464,1.3013268,0.23439907,-0.889557,0.12717654,0.12672824,1.6004472,0.41828582,-1.6172777,1.0496132,0.89227206,0.801716,-1.4771937,1.0514731,-0.6363999,1.5122467,-0.61782223,-0.80750334,-1.0391898,0.32272524,-1.5543021,-0.8152579,0.06801969,-0.9044717,-0.16004366,-1.3799865,-0.81519014,-0.6217354,1.2278236,-1.1061779,-0.3542513,-1.6687692,1.3190144,-1.5609342,0.89234686,-1.2042559,-1.529293,-1.4894904,-1.3526694,-1.039949,-0.05033622
447,-0.024754325,-0.11525363,1.0,1.0,-0.8235356,1.2074027,0.108033106,1.0,0.0,-1.1543684,1.6125449,-1.549734,0.0163234,-0.5465217,-1.6041023,1.0132787,-0.31223908,0.21811506,0.6440103,-1.296422,-1.3198371,0.9496111,1.2678064,-0.96320885,1.645404,-0.6721306,0.42024755,0.10070364,0.16158755,-0.8997839,1.5192146,-0.23808737,0.39198384,1.2848076,0.50768405,-1.2700945,0.4634023,1.4473257,1.3498601,-0.93867594,-1.6582166,0.29579142,-0.8349067,-1.3842202,0.6438441,-1.1419574,1.3138051,-1.451075,-1.6217043,-0.49503767,0.017704926,-1.6643814,0.72327983,0.41801208,-1.6391354,1.0251462,0.00938088,-1.0462639,-0.19441281,-0.75557554,0.3616173,0.3326066,-0.80401284,-0.70449066,0.21623458,-0.17122349,0.48152193,-1.0137268,0.773063,0.17406733,0.35567138,-0.63510007,1.2187296,0.85450315,-1.1153867,0.87726945,1.6012851,-1.4392632,0.5256451,1.348233,0.0405783,0.67278606,0.4885692,-1.0852567,-0.041870937,-0.8876781,0.80733997,1.45402,-1.4048375,-0.4642725,0.34970358,-0.39722994,-1.569494,-0.1825915,-0.44054624,-0.61205375,1.507687,-0.8573593,-0.911592,-1.4603229,1.2762239,1.1090568
448,0.49759462,0.31479743,1.0,1.0,-0.9535662,0.89661855,0.9141059,0.0,1.0,-0.49625435,0.013069886,1.0566481,-0.8960978,1.2163824,0.24943168,-1.0402024,0.8450031,-0.15429099,1.44951,-0.84389275,-0.09840519,1.075199,-0.48004386,1.0309409,-0.59265655,0.30448052,-1.283638,-1.5139662,0.028461091,-0.26588792,0.36584637,-0.3809581,-0.85718834,-1.499631,1.1974136,-1.7266481,-0.8042494,0.7117538,1.4320036,-0.14512444,-1.5904441,0.474442,1.3226304,-0.20193736,-0.07673414,-0.23396859,0.48993272,1.3414612,1.0430406,-1.0021843,-0.6362777,-1.607061,-0.8450032,-0.5535248,1.1525068,1.4882556,-0.63355404,-1.3282598,-0.0052888272,-1.5861661,1.0837941,1.129074,0.78174776,-0.9164113,-1.3347502,-0.79471916,-0.8894961,-0.5795599,-0.006804705,1.1048218,-1.450501,1.646555,-1.0586457,1.1215788,1.667524,-1.7421046,0.6572952,0.7761463,-1.6194229,-0.22897854,-0.4645099,-1.5947363,-1.5586249,0.29577088,1.1183301,-1.5252113,0.81825197,0.87258494,1.2954366,0.56227595,0.53906715,-0.7300735,-1.429468,1.2241659,-0.4033647,-0.37403864,0.4760955,-1.5196756,1.6201693,0.9998911,1.2075999,1.1910739
449,0.18556091,-0.398677,1.0,0.0,-0.19498512,0.8051289,-0.25763172,0.0,0.0,-0.4436047,-0.16732511,-1.0056643,1.6230377,1.1631154,1.2579327,0.47816163,-1.2542244,0.43268946,1.5669506,-0.7059908,-0.0292673,-0.93304306,1.1199116,0.85772914,-1.4151043,-1.2345468,-0.7395101,1.0422755,-0.9448037,0.43706864,1.5981827,0.15064861,1.1994562,1.5921123,0.96445304,-1.724813,-0.70164055,1.4171801,1.286025,0.80815375,-0.5645974,-0.36408272,0.17859487,-1.1558088,-0.10041614,-0.09370435,-0.782788,0.6541762,1.2003121,1.2032844,-0.12173999,1.4878081,0.5117017,1.1580325,-0.5633592,-1.4843507,-0.727851,-0.43851605,-1.5013622,-1.5390612,0.25343677,-0.42448637,-1.4644604,1.6331927,1.2855027,1.4430859,-1.70306,0.6553087,-0.24223179,0.49169636,1.0149013,-1.3452296,1.0889636,1.3732541,-0.986193,1.0275388,1.1287591,-1.3580376,0.39755115,0.55790603,1.121948,-0.681527,-1.2331631,-0.37810105,-0.76791817,-1.5850054,0.4665435,-0.2522344,-0.39396617,-0.055947594,-0.5977797,-1.5116634,1.2939141,-0.36762437,-1.6426132,1.4339604,-0.5139089,0.4752642,-0.99547046,1.0230383,-1.3207282,0.28018504
450,-1.4045494,-1.9477944,1.0,1.0,-0.89612067,-0.18617505,-1.2577307,1.0,1.0,-1.3380104,0.42159593,0.74362135,0.005023647,-0.75838256,0.0027268673,-0.6589739,1.5829971,-0.23388457,-1.7895752,0.3756776,1.2768089,0.3741052,-1.233657,0.9588396,-1.6741924,1.1585681,-0.1509187,-0.5648644,-0.58876544,0.14220475,0.09575249,-1.147783,-0.9616012,0.6484092,-0.5598104,-0.80455333,-0.034612037,-0.57317406,0.8411043,1.3734903,-0.95014685,0.3830216,0.9867101,-0.7297102,-0.64393044,1.151248,0.13812944,0.41625622,-0.38868558,-1.641859,-0.24846573,-1.0884112,-0.3899167,-0.7781743,-1.0439973,0.07150055,1.6354554,-0.4816584,-0.5151948,-1.591684,-0.9405229,0.6250785,1.3029383,0.86741406,-1.4997252,-0.5101663,-0.9538883,-1.412837,-0.101108156,-0.5906303,-0.17119528,1.3078698,-0.82363015,-1.5993223,0.69179,1.1290773,0.18483488,-1.4342172,-1.588973,-0.23979402,0.22922583,1.2283548,-0.6848412,1.0679231,0.17027985,0.4078449,-0.60547656,0.7714588,-1.26151,-0.66386455,-1.7124915,-0.49604353,1.2283844,-0.12796696,-0.75707716,0.19090793,-1.6193577,1.5885534,-0.04672702,0.48700222,-0.37366757,-1.1496949
451,-0.043482058,0.33622798,0.0,1.0,-0.6013925,0.99526674,0.4601081,1.0,1.0,1.3577904,-1.5549645,-1.4498316,-1.106107,-1.7108026,-0.39662266,-0.054432597,-0.5905127,1.4935955,0.69767857,0.6185717,-0.2135489,0.8162809,0.033631586,-0.07155325,-0.59094137,-0.4274795,-1.0001545,1.4181988,0.41583416,1.3057184,0.3135224,0.42265928,0.5437305,0.1247066,-0.6707249,0.58560276,-0.43913782,0.66434264,-0.53857553,-0.53208697,-0.20825462,-1.6201149,0.99746716,-1.3366095,-0.1530189,-1.7150838,1.2522844,-0.2524246,-1.7299771,-0.76192576,0.7093745,0.4704242,0.31365916,0.8842236,0.8214368,1.0705433,-0.62437326,1.170843,-1.4869384,-1.1465186,-0.3562725,-0.94354534,-1.1059363,0.50184727,0.75479376,0.77589494,0.42332166,-0.5838941,0.8329372,0.51171356,0.33472645,0.04596989,-0.98788613,0.4112631,-0.033020195,-1.3257439,0.14876573,-0.05343018,1.492917,1.2543101,-1.7308563,-0.9657377,1.0224346,1.4551549,1.2035705,1.5178497,0.73987997,1.1414977,-0.74438906,-0.48183256,0.58988774,1.712796,-1.0026343,0.82792836,-1.0803753,-1.3897638,-0.61263376,0.4927221,-0.20855899,-0.5864072,-1.4339039,0.02152594
452,1.3628019,1.2986871,1.0,0.0,0.19150528,0.5711915,1.1108768,1.0,1.0,0.5595671,-1.7659924,0.26498023,1.1966431,-1.5059693,-1.3725715,0.4508809,1.1328542,0.9317698,1.0959473,-0.6295462,0.7248344,0.37067187,1.7082529,-0.88701844,-0.86142427,0.60318786,1.5304289,-1.4650695,0.31169394,-0.9461204,0.9628221,0.7350859,1.6990594,0.5134391,1.5858778,1.4523642,-1.3272206,-0.9678156,1.1600215,1.081811,-0.09967306,-0.09754701,0.6103542,0.38360146,-0.19375567,1.4840049,-1.5408196,-1.3406732,-0.28891498,-0.6746461,-0.3167126,1.0572231,0.8347759,0.5753742,-0.023148397,1.4057081,1.3952708,0.0015333607,1.5956997,1.2497383,-0.33423883,-0.5181773,-1.2405351,-0.5196668,-1.0337378,-0.7858548,-0.7172591,-0.69798696,-0.55489093,0.24418055,-0.86715233,1.1163955,-1.6746869,-1.5615648,-0.1721196,0.36322647,1.4300884,0.4156078,-0.4757123,0.16731186,1.4411818,0.83575135,-1.6099147,1.4133819,1.6233904,0.08158817,-0.59729844,-1.4051543,1.2255065,1.0087008,-0.55109704,-0.9050365,-0.09841817,-1.5565592,-0.19069426,-0.8093649,-0.7056165,0.7913513,-0.40672782,-0.929133,-1.1579438,-1.6045865
453,-0.3448235,0.27789006,1.0,1.0,-0.6349465,-1.4412241,0.28111008,1.0,0.0,1.2865695,-1.7879958,0.8573595,-0.4273933,0.47004274,-1.3184974,1.6626375,0.32558993,0.8914013,-1.7834915,0.028813694,-1.3594779,-0.5831008,-0.041221388,1.0098443,-1.6394325,0.2769635,1.1473218,0.8163923,-1.4933293,1.172097,0.06912365,0.10410948,1.2463559,1.2628796,0.54129314,-1.3814121,1.3709016,-1.3335646,-0.9417933,0.17318688,1.0271057,-1.3373932,-1.1004101,-0.5399834,-1.6404936,-1.5328499,-1.7355593,-0.48935682,-1.1928313,1.4022176,1.2056313,0.40038627,1.4403214,-0.6201264,-0.09838925,0.31100428,-0.4588848,-1.3038152,1.4229453,-1.3687781,-0.14206775,1.1310976,1.0139755,-0.4527179,-1.105585,-0.797901,1.6155378,1.2019328,1.3748469,1.5103521,-0.6620255,1.6372359,0.6847336,-1.4018717,0.5727874,-1.7892532,-0.3704984,-1.029882,1.2462015,-0.41977903,0.09783697,-1.5250952,0.17898425,1.4465123,0.3205765,-0.6219621,0.44442743,0.8944831,1.2309192,0.51453775,0.33911818,-0.9229071,-1.1559243,1.6630043,0.5347373,-0.8413762,0.2811139,-0.100129746,0.3606034,-1.6777425,1.0582372,-1.5151793
454,0.38472676,0.016569803,1.0,1.0,0.13779852,-1.2375487,0.7819264,1.0,0.0,-1.5528322,0.4735788,-1.3892298,-0.8257214,-1.6284263,-1.4842952,0.6101338,-0.8514735,1.0972186,-0.9514138,1.2631469,1.0453511,-0.7541867,-1.3297486,-1.1120398,-1.2431079,-0.9473436,1.5598371,-0.38121864,-0.5629783,-0.22826856,-0.43313113,0.29710862,1.3202612,1.0819991,0.65018505,0.42078528,0.17638381,0.93681115,-0.14948398,1.2679551,1.2813321,0.11836845,0.045685004,-0.15999548,1.6008408,0.34823573,1.1809267,-1.6502062,0.7734095,-0.61319387,0.56582665,0.6226825,-0.13513555,-1.4124516,-0.35909742,-0.98620105,1.1299877,0.54027164,-0.51990205,-1.1648148,0.649795,1.0592648,-1.5874074,-1.6245743,-0.646931,0.5923631,1.2399787,-0.1477625,1.6130856,-0.11666688,1.041553,0.29790595,-0.0901249,-0.61787754,1.6171281,-1.1619148,-0.5021364,0.96507466,-0.88159645,1.5643704,0.838768,-0.6344293,0.5051525,0.8088823,1.3453748,-1.1739218,1.063573,-1.5120305,-1.3385584,-0.19445539,-0.6933923,1.7172811,1.274701,0.6628776,-0.2595413,1.3266659,-0.8516577,0.905501,0.03962258,-1.5625718,-1.09267,0.03398506
455,-0.29395464,-0.48108485,1.0,0.0,0.28383645,0.28329858,-0.9674493,1.0,1.0,-1.4817696,-0.25840858,1.356831,-1.2285169,0.3614435,0.28008163,-0.87332803,-0.08637678,-1.0030923,0.94340974,-0.019590376,-1.5575033,-1.1470677,0.5178807,1.5380541,1.0980072,0.3182633,-0.43045595,-1.4715186,0.71806103,-1.3696504,0.88930935,0.05692849,1.4921392,-1.6075102,1.0828238,1.5287769,0.694385,0.6698246,-0.57271266,-0.29027668,-1.5658987,-1.0774055,1.0388052,-0.37627056,1.0877507,1.0552053,0.22953609,1.0816234,0.31943992,0.23058462,-0.6495187,0.5594272,0.19293028,-1.2282541,-0.40328893,0.9896162,1.7193215,-1.1949348,0.79972506,-0.79817927,-0.88288754,-0.22584456,-1.5547298,1.6035054,-1.4167678,1.7141297,-1.585755,-1.0628884,1.1255893,1.1261636,1.4458456,-1.1853837,-1.3381398,-0.03762228,-0.6931235,-0.031955723,0.8175838,0.80676305,1.6401685,0.8592221,1.5717947,-1.5102736,0.0139935175,1.5754615,-0.7853728,-0.5729986,-1.3580382,-0.37437186,1.7220862,-0.5861143,0.38071486,-0.7754589,0.27591538,-0.73470265,0.80368114,-1.0265388,-1.2147697,1.3094959,0.4345243,-1.1827263,0.8986368,0.8191123
456,0.2638356,0.89077455,0.0,0.0,0.9628526,-1.6104326,0.32223794,0.0,1.0,1.3923823,0.21835311,0.5419089,-0.44494262,0.14134352,1.6108637,-0.5578456,1.284128,-0.627498,-0.012858655,-1.7328173,-1.5859095,1.0050316,-0.33945554,0.59201765,-1.2377415,1.6150972,-1.1333326,-1.5797385,0.35570833,-1.2743711,-1.5350854,-0.3606553,1.0901835,1.0152698,-1.5133637,-0.6221731,0.25984368,-0.6529864,-0.11530782,1.4852011,0.91280234,-0.91136134,-0.8026327,-1.1662407,1.7555554,-0.3152635,-1.3705657,-1.6824166,0.949349,-0.8439969,-0.4967208,0.6562934,1.0479062,0.8061307,-1.2661265,-1.5442944,1.5586123,0.7822161,0.75498104,-0.045326404,1.2212934,0.20821588,-1.6609524,-0.39638838,-0.68257594,-1.4922509,0.92780143,-0.2562817,0.106669195,0.3606917,-1.3441979,1.6455629,-1.4517978,1.0616504,-0.673412,-1.5414784,-1.4368181,-1.0847199,-0.4349302,-0.55441475,-0.9686801,-0.5361525,1.6845006,1.3129344,-1.0396146,-0.054306716,-0.70295787,-0.10640652,1.0697596,0.6913011,0.8418343,0.28057054,0.68551713,1.67444,-0.7289717,0.80376256,-0.46061152,0.8566117,-0.5131456,-1.5370562,0.5789345,0.9157622
457,0.4624094,1.324132,0.0,1.0,-1.0401318,0.25266993,1.5046109,1.0,0.0,1.2335811,0.3934392,-0.8489721,-0.56181556,-0.82510924,1.7187442,-1.531348,-0.21006127,1.4175997,1.5223676,1.7143501,-0.8181849,1.5317445,-1.127347,-1.6071546,-1.7066894,-0.4941872,-1.6279706,0.9373202,0.6876878,-1.0505348,0.9163782,1.5204055,1.006581,-1.439876,1.5445602,-0.7334104,0.77519256,-0.56172717,-1.1610724,1.0615531,-1.4322435,-0.024295978,0.055650167,0.9675226,-0.7477485,-0.6308815,0.43311825,0.102960296,-0.5780262,1.4931253,-1.7473805,0.44428277,-0.8036916,0.37567836,0.97258264,-0.6275218,0.9147277,0.010054554,0.21060622,0.89332855,-0.59056085,1.0289798,0.70449007,1.6085788,-0.96804404,0.3839084,0.67097265,1.3206531,-0.50380284,-1.0494995,-0.8990832,1.5435162,0.7750103,-1.5325699,-0.44611523,1.6298455,0.71694183,-0.39433122,-1.6078657,1.257952,1.6928623,-0.46846938,-1.2219777,-0.79499567,-0.38912436,-0.6375918,0.36586803,0.954053,-0.4021702,-0.6500194,-0.49041504,1.7852696,0.60482997,0.84444755,0.57124597,-0.12561543,0.21029396,-1.0347857,0.033637237,0.91436523,1.2851577,-1.5091428
458,0.6951931,1.064914,0.0,1.0,1.358575,1.2570065,0.38145804,0.0,1.0,1.7580222,-0.48847374,-1.4015696,-0.2886986,0.73713416,-1.0189769,-1.1725374,-1.2118964,1.2001543,-0.58406234,-1.1853045,-1.3174623,0.97488576,1.2615225,0.9636289,0.51777,-1.499521,-0.5192037,-1.5081643,-0.39183375,-1.0277258,-1.5753739,0.65677917,-0.73964024,0.83400947,0.039599344,1.5609087,-0.9657677,1.1707516,0.15313561,-1.6939142,1.3658692,-1.2598444,1.4409491,1.1396047,-1.1474234,0.49423924,-0.6115774,1.365658,0.5610405,-1.2462226,0.6749048,0.9946942,0.19371507,-1.586931,1.2826127,0.5799203,-1.42989,1.4836385,0.5920512,-0.49729475,-1.16433,0.16461653,-0.5066438,-0.7392641,-0.6256996,0.089764565,0.6364799,0.21139172,1.5039595,-0.33052662,-0.11509776,1.5869713,0.5889381,1.6849654,1.1798018,-1.7415603,0.37958318,0.9238335,1.199725,0.70165765,-0.19144695,-1.4711084,1.2462726,-1.2634121,0.18316703,1.136532,1.6072017,-1.6590844,0.32101914,-0.6146274,-1.1185012,-1.0774099,-0.37298515,-0.11326958,-0.5707872,-1.2439985,1.5889765,-0.28207064,-0.09299297,1.626521,1.2452831,-1.5088446
459,-0.95085835,-0.75532365,0.0,1.0,-1.08411,1.3881385,-0.55886304,1.0,1.0,-1.3480686,1.720822,0.19135998,0.42075434,0.5938014,-0.31626552,0.26448262,1.1625425,-1.0042704,-0.1119925,-0.935066,-0.34871924,0.16342542,-0.7239053,0.93939537,-0.9095966,1.694809,1.5945241,1.2821561,0.9679494,-1.0350034,-0.9285161,0.15525332,0.44339615,-0.7239014,1.3447107,1.5783095,-1.6783922,0.81617105,0.579829,-0.8136818,1.7055718,0.5560693,0.25451308,0.9363756,-1.5087291,-1.107612,0.7544584,0.7006202,-0.26669154,-1.7171605,-0.24338926,1.3393624,-1.4189161,1.3698734,1.1412818,-0.92602235,1.5959265,-1.078191,0.8477233,-0.24872778,-0.3692521,-0.54589635,0.72902673,-1.2700517,1.5775465,0.833477,0.098022446,-0.7989914,0.086309,-0.07532269,0.53891236,1.1298717,-1.3230864,-0.59496,0.09941914,-0.5650384,-1.559412,-0.9557621,1.4082941,-1.5412502,-0.5462794,-0.2730328,1.2609361,1.2377117,0.16857111,-0.42502093,-0.4056998,0.5746039,-1.519258,0.83470327,-1.0372149,-1.5904009,-1.3019933,1.6809312,0.53313136,1.1912588,1.0072463,0.7092732,0.716761,-0.26692033,0.79077387,-0.8016932
460,-1.54274,-1.2564286,0.0,0.0,-1.0392567,0.5128018,-1.5411804,0.0,0.0,1.5840881,-0.65515876,-0.6429375,-0.36414728,-1.6414124,0.6745085,1.5336218,0.9098363,0.46781847,-0.61297774,-0.042522017,1.5642776,1.2508166,-1.6355513,0.62697285,1.2067882,-0.76146346,1.21905,1.0607307,0.73170745,1.0048258,0.32657966,-0.7347432,1.6062412,1.6150687,-0.17793235,-0.5902545,-1.4009956,1.2091377,0.29450053,-0.025121532,-0.26343772,1.5763918,1.2633106,-1.7438258,-0.019536588,1.3325372,0.6041708,1.1283633,-0.8980105,0.16978356,1.3134586,-0.029568892,-0.61879337,0.95977545,-1.291702,-1.6856655,0.27167922,1.6533405,-0.3193503,-1.4615116,-0.5265725,1.377365,-0.42075983,0.08568983,-1.4006431,0.600141,-0.42332977,0.1582719,1.0551875,-0.48678496,0.7992402,1.5562297,0.18212381,-0.18481724,-0.07918784,1.6925159,0.8615001,0.6217997,0.30636135,-1.5055155,-0.29597768,-1.0661217,-0.816377,-0.735478,-1.4489353,1.3717029,0.49263445,-0.8674192,1.6324173,0.71799713,0.29661712,0.3034547,1.0462507,1.3483249,-0.28422186,1.393474,-0.58512783,0.7574999,0.6274576,-1.7050261,-1.3248363,-1.1701995
461,-0.68168557,-0.7065426,1.0,1.0,1.0987844,0.040633097,-1.3645877,0.0,0.0,0.5227125,1.5441184,0.010283353,-1.6206968,0.9594214,0.60020757,-0.4341927,-0.23897745,1.0691311,1.4517343,1.3795949,1.2484715,-0.497267,1.6870048,1.1419573,-1.2575126,1.6145908,0.47334263,-0.32600442,0.32732683,-0.2523877,-0.24540514,1.0659161,1.7100074,-1.3936884,0.45662954,1.299045,-0.22805531,-1.0593727,-0.15801808,-1.5152566,1.5671504,1.4824908,-0.93322897,-1.498861,0.1824204,1.5729786,-1.1668539,0.724006,-0.10292926,0.52999175,1.079908,-1.421066,0.4239494,-0.39446172,0.8270208,0.73022103,0.79009783,0.46276513,-0.31774405,0.991518,-0.79688144,-1.1434542,-0.8247323,0.8993206,-1.3118613,-0.8999936,0.027302174,-0.2728274,0.3328875,0.14185718,1.2453277,0.9771167,1.6769378,-1.0991296,1.3470228,-0.13077068,0.7835849,-1.31897,-0.7868268,1.0899329,-1.2897413,0.9041651,0.847727,1.5624944,0.60643363,-1.5851898,-0.31765664,0.15901956,1.4505146,-0.77039003,0.19607987,0.8032428,-0.16702722,0.87244844,-0.12645121,0.6439527,-0.18306622,-0.4764838,-0.53977716,1.0575317,-0.8724185,-1.0489061
462,1.547319,2.5398722,1.0,0.0,0.15641257,0.8618682,1.2888153,1.0,1.0,-0.28778195,0.78408617,1.4035327,-1.538429,0.3958815,-1.720827,0.26128763,-1.3024746,-1.1216211,0.89227825,1.1860596,0.46661454,-1.04383,-0.3332286,-0.7132805,-0.83187866,-0.6994672,1.363853,0.07402116,1.3056049,-0.7612461,1.1899673,0.77883554,-0.9873269,-1.4056368,-0.063908845,0.28439438,-1.1059384,0.663887,1.5155225,1.081042,-0.8467327,-0.24380295,0.74701,-1.1218724,0.35652855,0.46027815,-0.7876822,-1.6289464,-0.9554505,-0.22398238,0.43983233,-0.5759644,1.475019,-0.9222021,-1.5836587,-0.00045293296,-0.6877577,-0.27374738,0.18872645,-1.0791236,0.6700671,-0.093251936,1.7532969,-1.2228283,-0.06968103,0.4941306,-0.6613563,1.0254476,-0.8467584,-0.4285547,0.010614642,1.2753146,1.4253491,-0.5737855,-1.1440241,0.8907003,-1.5835344,0.9706475,1.0834655,1.5539391,-1.5370892,1.0145816,0.34654692,-0.5833015,0.29210758,-0.89322525,-0.4649525,1.3350205,-1.4955827,0.7027004,-1.3314416,0.39652425,-1.338366,0.33311725,-0.23664834,0.46066117,1.1325781,0.499903,0.731722,-1.0094275,0.034115996,0.6727482
463,0.60400665,1.0705547,1.0,0.0,-1.0031245,1.3962967,0.5168264,1.0,0.0,0.83159375,0.11774991,0.20742711,-0.7210102,0.8349917,-0.71383333,0.45539162,1.0388383,1.2879353,0.80775833,1.7451121,0.07631685,0.98643935,1.4498391,-0.4620866,-1.5676199,0.3407792,-1.2388194,0.4513168,0.90054035,-0.6314876,-0.04165639,-0.33436295,1.5665692,1.4877843,-0.22025126,0.7875049,1.037274,1.2577453,-0.29936978,0.7739419,-0.9623289,-1.5747018,-0.26633105,0.59920406,0.75543255,-0.0737673,0.926354,1.3258194,-1.6489028,-0.96892244,0.5103888,-0.60583377,-0.6567191,-0.9581727,0.59499776,-0.19049124,-0.41004425,-1.3435135,0.10533372,-1.1522537,-1.33118,-0.8308201,-1.2295744,-0.87382823,-1.2791792,0.7425006,-1.4114687,-0.21107146,0.33012608,0.11067277,-1.3155667,0.29304603,1.695266,-0.7902367,0.5118055,0.14175679,0.3807334,0.9865742,-1.3223584,-1.4678199,0.29357624,1.1688783,-0.9985471,0.24375555,-0.89184463,-1.2498555,1.1972141,-0.7138374,-1.2725738,-1.4903052,0.92698634,1.5298482,-1.675378,0.12708919,-0.30081588,-1.4253945,0.3323104,1.1840565,1.5882351,1.1346043,-1.5839366,0.6030646
464,0.3749019,0.055086475,1.0,1.0,1.1821988,-1.2146902,0.25662696,0.0,0.0,0.14795952,1.2393951,0.138263,-0.536627,-0.61793846,-1.509902,0.23793209,-1.349861,-0.52575713,0.49224153,-1.4845858,-1.3819779,-1.1887729,-0.792013,1.2465203,0.3658914,1.4496161,-1.1321481,-0.48843715,0.2135096,-1.3705369,-1.1313105,-1.4139104,0.79447246,0.57286525,-1.5381393,-0.7808095,-1.6614801,0.4618301,-0.94370496,1.4011854,1.652547,-0.4998686,1.5022842,1.3484864,0.61984533,0.79928315,0.89859825,-0.521694,-0.79115725,0.6092296,-1.4398662,-0.8100975,1.1596084,-1.4819112,-0.6845982,0.2728602,-1.2912717,1.6957897,-0.573492,0.97428524,1.4462377,-1.5849009,-0.22186874,-1.5380778,0.69917476,1.5161687,-1.2174803,1.0982001,-0.22209412,0.30519107,1.0076556,0.022104258,1.2680345,1.5652342,-0.83747107,-1.7048491,1.6025425,0.03710894,-1.4403812,-1.1333119,0.33373463,-0.2506456,0.107034296,1.6114408,-1.3626217,0.8553367,-0.64284205,-0.9430235,1.179346,0.22329652,0.47207233,-0.5422925,1.0999902,0.25517052,-1.1632926,0.03120757,-0.7541213,-0.12084774,0.3685187,-0.561469,1.0667841,-1.1265745
465,-1.1279109,-0.51654524,1.0,1.0,0.22903639,-0.28322965,-1.4276019,0.0,0.0,-0.08406973,0.53714204,1.2859306,-0.95242935,0.34169143,0.75248873,-0.8032016,-0.9289419,0.3636642,0.4830543,-1.6615435,-0.6088805,-0.6748488,-1.5318227,-1.0494732,0.9739275,0.7557914,0.61994475,-0.9414775,-0.36849388,-0.18139644,-0.834273,-0.34412882,-1.580633,0.5351979,0.6344426,1.600356,1.1354719,-0.2980067,-1.0831792,-0.28681782,-1.6720469,1.1980513,0.17092657,0.8933376,0.05316973,-1.3362311,-1.0297229,-0.8390275,0.8592798,0.21556087,0.524899,0.7731967,-1.5748588,-1.0610074,1.2494305,-1.2576015,0.28858802,0.9502752,-1.2895299,-0.43672764,1.263137,1.3229994,-0.34825245,-0.1787962,-0.37001708,0.35065222,1.1612539,1.304198,1.4374244,0.72854763,-1.2558451,-0.011256369,-0.25495768,1.2185065,-1.5215704,0.10503061,0.33519268,-1.0650005,1.1147686,0.9096835,0.001897306,1.2011914,1.1991987,0.43939865,-0.5564979,-1.2359147,-1.7272887,0.3473843,-0.49102,-1.6430643,-1.1788971,0.53611434,1.3354363,1.2261014,-0.17323688,-1.5613744,1.2219455,-0.62866765,-0.3103757,-1.2792225,1.5644579,-0.16877638
466,0.0348766,-0.10732101,1.0,0.0,0.92114997,0.7067873,-0.96612114,1.0,1.0,-1.4229459,0.5636621,1.2088515,-1.5999199,-0.88981247,-1.5336814,-0.8804275,0.522413,-1.3891584,1.1333421,-1.746394,-0.7985879,0.27413645,-1.0613092,1.6054418,0.35266912,-1.2720859,-0.2895136,1.5882685,-0.30260265,0.27534762,-0.8082888,-0.986213,-0.9006953,-1.0592452,-1.2805873,0.62191385,1.2354397,0.18801391,-1.3034587,0.7274161,0.6144864,-1.1707859,0.26495403,1.4755672,1.6536442,-1.3769162,0.8899642,0.16595593,-1.5158561,1.2582865,-0.23788324,1.0599127,-0.4285123,1.1935965,1.2493,-1.7039797,-1.4030282,0.96045053,1.3532223,-1.0933483,-1.1936524,1.1671472,1.1022334,0.7874103,-0.45569628,-1.5335444,1.2209768,-0.7875264,-0.21198878,-1.576406,1.6015772,1.0482523,0.23318253,0.5513762,-0.061785083,1.21227,-0.5032689,-1.0868745,-1.6494895,-1.0816242,0.43788925,-0.91896445,0.9207306,0.85553914,0.80664885,-0.29840922,-0.44939902,-1.0136524,0.6607492,1.2661519,-1.0173242,-1.118338,-0.9472888,0.5627587,-0.3963482,0.2126091,1.1630559,1.6148013,1.5596386,1.5433711,0.67070645,-0.06504677
467,1.1864809,1.2121762,1.0,1.0,1.6576169,0.42584056,0.64175075,1.0,0.0,1.3277856,1.0791695,1.5717057,-0.5260662,-0.2250175,-1.0358515,0.55565053,-1.3695294,1.6519471,1.1011634,-1.0044094,1.2577914,-1.5266078,-0.048541903,-1.6365308,1.6562365,-1.0054537,-1.3545673,0.68088096,0.21352644,-0.38036194,-1.5726053,-1.4040276,0.39437017,-0.60998696,-1.3242496,0.833867,0.02112267,1.014313,0.57248205,1.474832,-1.0678419,-0.56337845,0.6596665,1.3135679,1.3202363,0.9861567,-0.75920326,1.6257511,1.5467863,1.0343361,1.0757742,0.8322419,-1.428993,1.6065696,-0.59775543,-0.5699449,-1.0578209,1.031007,0.9650422,0.24785204,-1.4669285,1.1240376,-0.6852658,-1.2705629,0.7186731,1.2021108,-0.11856503,1.1367911,0.9794654,0.7557716,-0.638048,-1.6770241,-0.48577943,0.59208393,0.9786249,0.98851407,-0.9670286,-0.7644761,-0.8956237,0.4906567,-1.6678729,-0.39223087,-1.6230624,-0.8747729,1.4713993,-1.2048235,1.6422915,-1.6955144,1.286377,-0.073079176,-1.5934044,1.6200337,1.218743,-1.088834,0.777611,-0.2204508,-0.81405854,-0.35736004,1.2775515,0.031205937,0.1295078,-0.45007202
468,-0.29354233,-0.09541633,1.0,1.0,-1.0950574,1.6013573,-0.20179911,0.0,1.0,-1.4986169,1.7585151,-0.42253277,0.25623304,-0.40633088,-0.5978838,1.4500889,1.3363038,-0.36836156,-1.0118073,0.6608657,0.9964886,1.5236146,-1.6117638,0.7027804,-0.17354618,1.1168069,0.8743373,-0.8888807,-0.4184969,-1.041835,-0.2188073,-0.621628,-0.8408959,0.57300436,0.9571729,0.4783246,-0.27547088,-0.51528347,-1.4759709,0.8667784,0.027993916,-0.8172206,0.26061082,-0.7957496,-1.5722754,-1.2794222,0.3259355,1.2085322,0.886208,-1.1532515,1.5358393,-1.3125198,1.6547583,-0.74627787,-1.3647406,-1.2135112,-0.67516685,-1.0448408,-1.6206268,-0.6686301,-0.48140773,0.43755713,-1.3832623,1.19095,0.6538323,0.71440226,-1.4379073,0.8649164,-0.35249528,-1.176502,-0.7363596,1.4950057,1.2440305,0.28227597,-1.5736946,1.6940787,0.14430708,-0.23767246,-0.87562287,-1.7146386,0.39129746,-1.505023,-0.6235684,0.92129195,-1.1336801,-0.9891775,0.14784086,-1.4282641,0.7721349,1.4480019,-1.3336525,-1.673042,-1.4820215,1.521062,-1.2858948,0.364778,1.1810008,0.8071829,0.4007761,0.50964445,-0.79201376,-0.81072015
469,1.0050613,0.587896,0.0,0.0,1.7118616,-0.4521042,0.60736054,0.0,0.0,0.066743106,-0.8958499,1.1232938,-0.9540648,-0.78838766,0.36756697,0.71642995,0.77790874,1.2124054,-0.46494845,-0.16857392,0.53513443,-0.2042374,-1.6122375,-0.5215469,0.562032,1.5897064,1.0475309,0.7503393,-1.1692437,0.81909865,1.4063852,-0.978296,1.1085274,0.33462703,1.3342568,-0.2296591,1.2098973,-1.2112993,-1.5102289,0.02557882,-0.6255484,-0.158641,1.5951606,-0.9528197,1.5987911,-1.4696801,0.26041913,-1.5705901,-1.555909,1.1543853,-0.27128628,1.166598,-1.009345,-1.3549571,1.2158718,-0.18590398,-0.01789617,-1.3610153,1.1887015,-1.5976562,-0.07996313,0.24385534,-1.2003546,-0.27771664,0.74274594,0.77097994,0.23027733,0.019541139,-1.3652269,-1.5416163,-0.07145845,-0.02619806,1.1188642,0.49421164,1.1982757,-0.112645894,-1.2170961,1.6848527,0.37061977,-0.4584614,1.5793027,-0.26973215,1.2056739,0.04202461,-0.81337637,0.8015448,0.7108181,0.8013723,1.6976655,-0.2475703,0.56197405,1.4796588,1.119652,-0.25717616,-1.1085155,0.6812736,-0.22758932,0.20923862,0.86484027,-1.3898361,-0.3742572,-0.7180956
470,-1.8209634,-1.5642414,0.0,0.0,-1.6192255,-1.3266909,-1.1469598,0.0,1.0,0.3879883,0.022728264,0.19631428,1.0993965,0.59856975,1.095251,-0.07424718,0.56390655,1.0940176,-0.40523282,-1.2191011,0.66863775,1.0361714,-0.3049715,-1.341962,1.3491341,0.6877202,0.08774398,1.264268,1.4548236,1.3715587,0.8408304,1.4010205,-0.72591543,-0.36941257,0.6398331,-0.815528,-1.559596,-0.17743587,1.0963428,-0.31137633,-1.0054996,-1.4866091,-1.2828361,-0.70284027,0.40897268,0.6169341,0.687331,0.99419564,0.4926023,-1.4027321,-1.4664086,1.759784,-1.6319264,1.53892,-1.5087131,-1.630898,1.0133399,1.0031477,-0.98094636,0.5816489,1.3184439,-1.2705215,-0.1594751,1.2618078,0.6295301,1.3963614,0.21927968,-1.3703642,1.6167488,-0.87013644,-0.024612315,-1.3040959,-0.882041,-1.5438837,-0.8063253,-1.6567262,-0.114775516,-1.184285,-1.3057054,1.1605406,1.044259,0.98685634,-0.2531394,1.3302395,-0.7046801,-0.583137,1.1182101,1.1686428,-0.69371355,-1.1907758,-1.239559,-0.40660158,0.11245589,-1.458737,-0.36357677,-1.182815,0.07171266,-0.34954542,-1.6587112,1.5038123,1.1434906,1.4248093
471,-0.9711171,-0.0010271552,1.0,0.0,0.24091803,-1.0382961,-1.472497,1.0,1.0,-0.39784157,0.491875,1.1030656,1.4341702,-0.9017116,-1.3230386,0.123004615,-1.1765217,-0.032386173,-0.652379,-0.36621186,0.02647048,-0.08051573,-1.1354237,0.5559871,-1.4053171,-0.34010118,-1.6739049,0.8986833,-1.3272815,-1.4365785,1.2324945,-0.35080653,1.6840535,-0.52110386,0.0797528,-0.315977,-1.6773466,-0.76406604,-0.22951435,-0.4003669,0.7553687,-0.6969622,-1.1405683,-1.3492736,1.7351977,-1.2449105,-1.452878,-0.6161576,0.157866,1.2387438,0.3146783,-1.5381217,0.13715138,-1.4199412,-0.62229776,-0.09520532,-0.5523748,0.20985684,0.3526602,-0.82953167,1.0686467,0.9407227,-0.32018447,1.3587795,1.6105069,1.0338558,-0.3436303,-1.5646865,-0.14193784,-0.921328,0.8242631,0.28672424,-0.8749962,1.01338,-0.4997364,0.34764564,0.4091709,-1.4740494,1.064831,1.0466982,-1.5153383,-1.6693813,-1.5568144,0.06076601,0.8327017,-0.9960231,-1.0583518,0.7923556,-1.5955534,0.60588455,1.3164966,-1.4004526,-0.40796143,0.21311954,-0.14801058,-0.40474838,1.5030185,-1.2954773,-0.7635168,-0.018722273,-1.3502887,-0.04456849
472,0.8741501,0.45580557,1.0,0.0,1.1127868,-0.11039765,0.21515584,1.0,1.0,-0.14217035,-1.1341811,-0.7933401,-1.2850465,1.223355,0.98809046,-0.3386291,-0.91384596,-0.27842566,-0.49217963,-0.29365867,-0.59458965,1.4293551,-0.11893161,-1.5484604,-0.8070157,0.6594605,-1.4319547,1.0888097,-1.3160801,0.38147497,1.269108,1.0485116,0.1112356,-0.028444462,-0.8772284,1.1345971,-0.024090031,-1.2393646,0.40203992,-0.54543376,0.014267874,-0.54716146,-0.36652875,-0.5262003,-0.77008116,1.3102069,-1.7605158,-0.085848585,-1.6372693,1.4005659,-0.35993552,-0.44633552,1.2593606,-1.3813434,1.3197652,1.2229294,1.3120126,0.14613861,-1.6166716,-0.05300207,-0.7185389,0.10488427,0.28788054,0.17238362,1.7238799,0.86699873,0.93007296,-1.3592775,-0.06796816,-1.5552169,0.45300764,-0.7714594,0.6964141,-1.627916,-1.601084,-0.96823496,-0.42705452,-1.7009165,1.4217715,0.0039147204,-1.594551,0.19063807,-1.1991727,-0.5455906,-0.036310367,1.7397237,-0.08976044,-0.8975459,-1.1062561,-0.7080409,-0.6464162,-1.3416998,0.2403455,-0.48247623,-0.8230107,1.4302663,-0.8892331,-1.5511211,-0.27507937,0.70237094,-0.1479371,-0.9010254
473,-0.01189796,-0.727578,1.0,1.0,-1.5450944,-1.0437503,1.0454663,1.0,0.0,0.17226441,1.458817,0.8127074,-0.18689942,1.2660449,1.0060652,1.5451257,0.61515564,0.49246117,-0.07578136,1.4802308,-0.2936551,-1.1545442,0.5707262,-1.7666739,0.036613945,-1.3760911,0.41557088,0.80366457,1.4151466,0.094468586,0.8787886,-1.0336636,1.3374112,1.3076731,-1.421367,-1.5345625,-0.23971139,0.0067263674,-0.46739033,1.0132313,-1.4048891,-0.7577806,-1.6484423,1.5794921,0.7411312,-0.91584575,-0.275465,-0.3948284,0.75601476,-1.2858243,-0.1924477,0.4073342,-0.5115906,-1.7389879,1.0786288,-1.6748525,-1.4392097,0.45710477,-1.0830901,-1.4289025,-1.590212,1.0316883,0.98129797,-1.1815447,1.546798,-0.94216233,0.5123496,-0.25113153,-0.45192817,0.090472095,0.7784638,-0.9486252,1.0419841,0.86938846,1.3136902,-0.8005705,-1.5346655,1.6150913,-0.039921306,0.07750291,-1.6772916,-3.472461e-05,-0.8723937,-0.8395868,0.42970386,-1.6399117,-0.29124638,-0.072113395,-1.0719676,0.8407194,1.4634815,-1.5982983,-0.88883096,1.4792672,0.5830624,-1.0534773,1.0107468,0.28987136,1.3690838,0.44528788,1.2710153,-0.30854154
474,-1.308044,-1.4419689,0.0,0.0,-0.00771973,-0.63696206,-1.4520069,0.0,1.0,0.164442,1.7078916,-1.6094481,-1.2420601,0.3268813,1.0986967,0.9141513,-0.1182553,-0.8079775,-1.6191831,-0.3878711,0.9129225,-0.10169982,-1.0249293,0.26848292,1.397369,0.4584303,0.9461454,0.974671,-1.0047145,-1.188079,1.4380206,-0.29200032,0.5627697,-0.27895284,-0.62225825,-0.88683087,-0.70257705,-1.2938471,1.588317,0.7748819,0.62739474,0.98139685,-1.3829811,0.818519,0.4547535,1.2795509,1.0940429,1.4849886,0.1616435,-1.7044903,-0.7234873,-1.2151562,1.5027028,0.4617414,1.1333427,-0.6833509,-1.0375881,0.0413805,1.4199443,1.1536163,1.4449676,1.0180781,1.4758835,0.9059112,-0.46276283,0.6752196,-0.81277275,0.6914233,-0.8673951,1.7726473,-1.081347,0.30709842,-1.701482,-0.66347855,1.4767263,0.62693185,0.83426213,-0.16488026,-1.3321979,-0.88941336,-1.142137,0.48761985,-0.7770847,-0.844801,-0.47208598,-0.79501927,-1.3267473,-0.08003802,1.4002733,-0.7690586,0.7059656,-0.31729686,0.9967034,-0.13004325,0.9008218,-0.7660486,0.6788392,1.133516,1.240806,1.536958,-0.56313044,0.4910506
475,0.35922363,0.15188074,0.0,0.0,0.31198102,1.4075441,-0.0057462407,1.0,1.0,1.4021537,-0.23742598,-0.8060648,-0.0062161474,-1.4532025,-0.07102415,-0.29657003,-1.54425,0.086487904,1.6414962,-1.2623578,-0.39533937,-0.8630873,1.5555847,0.37621632,1.1381378,-0.25830722,-0.84604883,-0.9142821,1.611009,-0.5780268,0.98561156,0.47439182,-1.150066,1.4797716,-0.05214263,-1.6392218,-0.92809427,0.7714979,-0.14064443,0.23564528,1.4682834,0.42550093,0.7428025,0.734929,1.1304141,-1.6356006,-0.8489378,-1.4620658,-0.40045223,-0.031552665,0.9829467,0.7334929,-0.8822049,-1.0479853,-0.1718112,1.4313457,1.395905,-0.36090893,1.095752,-0.8594524,-0.4222508,1.6934688,-0.3175329,0.751635,-0.073706895,1.0926884,1.5875379,-1.6116649,0.24438478,0.81994814,1.1750873,0.641171,0.168255,1.2617644,-0.5401874,1.2195033,1.2557966,-0.580229,0.8226495,1.5208244,-1.3546444,0.052636314,0.01913094,0.8761363,0.40179673,-1.0507009,0.78972703,0.8873762,-0.33363792,-1.1875058,-0.12631015,-1.2122569,-1.7175082,-0.25122517,-1.2128816,-0.23011695,-1.0254669,1.4252137,0.026864538,-1.350881,-1.2206029,-0.16173051
476,-0.8353689,-0.30745104,1.0,1.0,-0.059060436,-0.75584793,-0.7959507,1.0,1.0,0.18316935,-1.3870883,1.6546109,1.3872923,0.83899903,0.14037955,0.55138165,-0.44926548,-1.170159,-0.7580156,1.0961605,-1.0140116,-0.22005735,1.4165574,-1.1551688,-0.7375822,1.334924,1.0025605,0.44320357,-1.5112674,-1.4774519,-1.7350463,0.57723457,0.54095423,1.3019677,0.54758614,-1.3371925,0.027925668,-1.3986475,-0.4156633,0.23978351,-0.39692286,-0.3834133,0.1440288,1.1467553,1.0973464,-0.70166665,0.30290398,0.5712553,0.20834199,0.2565109,0.9644136,-0.7898971,1.1745292,-0.8526158,0.05506772,0.97794646,-1.1999959,-0.077439636,0.33355495,1.6197869,0.12333796,0.8390907,1.0784755,0.43588006,1.3288528,0.5319168,1.2287747,0.3056984,-0.78686684,-0.57901484,1.5673724,0.65134364,0.8834451,-1.525248,-1.2432979,-1.5190094,0.39547986,1.5921756,1.1986665,0.7577397,-1.1326913,0.9522196,1.5350655,-0.11618891,-1.3100196,-0.01624955,-1.0049949,-1.4779848,-0.8498663,-0.66842794,-0.45567364,-1.1994698,0.91440755,1.6804721,1.377573,-1.6392936,-1.305194,1.6484408,-1.1801414,0.63527167,-0.22736485,0.89260274
477,-1.2056007,-1.69393,0.0,0.0,-0.9975243,-0.96584076,-0.7578565,0.0,1.0,-0.54042685,-1.0711532,-1.4604625,0.8833492,0.34948677,-1.3678466,0.2659627,-0.52699697,0.22360195,0.66601974,-1.2791133,-0.58927834,1.5924677,-0.16707863,-0.7919628,1.6884545,0.022453379,0.4620441,-1.1927519,0.6527907,0.86712134,-1.4524392,-0.5111627,-0.21787456,-0.908883,-0.31488326,0.3107135,-1.3291134,0.24898621,1.1804409,1.6141217,-1.0038375,-0.47120464,0.5489974,-0.7194087,0.9911408,0.46128482,1.2895393,-0.22124355,-0.68195856,1.2292072,0.7082766,-0.77663016,-1.7003988,-0.5497806,-0.9351274,-0.2603933,-0.76740074,-0.8596906,-1.0838448,-0.86132455,-0.8760548,-0.4005588,0.34722665,-0.60104376,-0.5332705,-0.45633984,0.2248037,-1.0369806,-1.2291179,-0.07244096,-1.6413155,0.19044712,0.37827766,0.13821015,-1.0315664,-0.8749474,0.8139977,0.14590555,1.5996624,-1.5990602,-0.8711591,-0.782077,0.96571773,-0.8538461,0.12808998,1.6999848,0.54048866,-0.27690727,-1.4870105,1.0465415,-1.4604498,0.2974658,0.6272874,1.3674533,-1.4946522,-1.2063398,1.2948669,1.0943584,0.6665233,0.21354264,0.6614119,0.76940787
478,-0.076513775,0.7873713,1.0,1.0,0.22923212,1.5583298,-0.5578314,1.0,1.0,-1.5233328,-0.11412894,-1.4484559,-0.36832932,-1.4013238,-1.1287072,-1.295241,1.4142703,1.2665021,-0.76900387,1.2295313,1.1661097,-1.567897,-1.0910904,-1.5432712,-0.69416666,-1.2541175,-0.8755672,1.1188995,0.7991743,1.5228057,0.5138463,-1.4878317,-0.99569803,-0.93203026,-0.021039346,0.017476909,-1.348617,1.0137963,-0.12147548,-0.18427333,-1.3102112,0.072135426,-0.13533936,-0.92335236,1.5497302,0.71522295,-1.4204582,-1.324837,0.73260564,-1.0945826,-1.2081287,-0.069653265,-1.2823141,-0.35113472,-1.248607,0.9053998,-1.5480547,1.524906,-0.6870266,0.18402436,0.92634904,0.7147551,-1.1951392,1.0877038,-0.29105517,1.220131,-0.2593403,-0.21658929,-0.4735255,-1.6885245,0.9952908,1.4626313,-1.0900062,0.48467192,1.1762284,-0.76913553,-0.91438496,-0.6934149,-0.8409372,0.49228224,-1.4009361,-0.124250814,1.2363944,-1.1216493,-1.4299806,-1.616025,-0.6047382,0.109063365,0.36600173,1.3807973,1.4040247,0.05375564,-0.6059757,0.09555307,0.88132405,1.1916407,-0.47568843,-0.34586033,-1.072763,1.1529912,-1.0796018,-1.2460582
479,0.768469,0.27682647,1.0,0.0,-0.7150101,-0.2957987,1.0151135,1.0,1.0,-0.9048376,-0.036378205,-0.67787915,1.2168614,-0.5075002,-1.1017892,1.5759821,0.52827144,1.1514722,-1.268193,0.22130448,-0.26352814,-0.77221996,1.7200512,-0.63559693,-0.48939773,-0.76905435,-0.6554261,-0.738915,0.78053325,-0.61801696,-0.94435203,-1.180979,-0.82107764,-1.6387211,1.6656151,1.2983602,1.3342391,-1.2760935,-1.4455452,-0.6446144,-0.7121911,0.71556073,0.22912048,1.1234868,-0.8948627,0.41335648,0.77893865,0.83470476,1.2753048,0.62094724,1.6580983,-1.2409018,0.6831222,-0.024897434,-0.7038751,0.15197524,0.5736622,0.22996359,0.015223265,1.0188236,-0.5675712,-0.75212157,1.5307034,-0.8895311,-1.5634981,1.4415798,1.4985932,1.6171728,-1.4707353,-0.3813315,1.6017402,-1.3830281,-0.5319162,0.27757245,0.94534105,1.4498137,-1.3675747,-0.91580904,-0.2890388,1.5022855,-0.9764748,-1.4251668,1.6027604,-1.5293862,-1.1884372,-0.14713298,1.0814403,0.96489096,-1.1773728,1.0513321,0.18228659,1.696362,-1.7298256,-1.5679079,0.03954578,-0.37579152,-0.38796002,0.6202436,0.7405474,-0.86787087,1.4768527,-1.3182138
480,-0.031258557,0.15735155,1.0,0.0,0.39004365,-0.46008313,-0.49650908,1.0,0.0,-0.009677412,0.33268937,-0.5295387,-0.36436668,1.054359,-0.92422366,1.6401507,1.2047623,-0.33998153,-1.7091388,0.29885972,0.36645743,0.007384876,-0.13696374,-1.7659459,-1.4349362,-0.85384375,1.2375273,-0.61037046,0.90647715,-0.25439578,-0.80788255,-1.4342767,-0.11358529,-0.29173276,-0.64096195,0.48271605,-1.5529264,0.79549944,1.0830592,-0.23923942,-0.5993033,-0.7252496,-0.712212,-0.46765122,1.617593,-0.9950899,-0.791028,-0.6956113,0.6452601,-0.97457,1.5490625,-0.93199795,-0.39058036,-0.6058287,-0.13075821,0.8119515,0.38624343,0.22463499,-0.47817302,0.6733123,0.93491364,-0.8755703,-0.4903861,1.3318657,1.4625685,-0.20616648,0.4220726,0.81186324,-0.8280726,-1.1562454,0.89291817,-0.40373147,-0.37745562,-1.2261488,1.0378315,1.5950258,-0.37782466,-0.51640975,-0.36953798,-0.5715521,0.25757965,-1.0359535,-0.96883106,0.1655777,0.78659123,-0.9791384,-1.7359339,-0.48454094,-1.6199057,-0.5687927,-0.52942735,1.5784208,0.6442617,-1.4930868,-1.5810387,-1.5635045,0.7561952,-1.3854104,-0.2050169,0.11776269,-1.3950641,1.585087
481,-1.1812562,-0.2400584,1.0,0.0,-0.13404489,-1.0484486,-1.555078,0.0,1.0,1.610826,-1.1493809,0.3106118,0.1514931,1.5025653,0.7075066,-1.1273609,1.0562178,-0.1642014,0.64327276,1.0770416,0.38064012,-0.99718046,1.0087957,0.09317168,-1.200194,-0.26402664,0.583434,-1.5550956,-0.18177103,0.7249435,-0.21032149,0.06581266,0.6551191,1.4724424,0.95873165,1.6144952,1.0754249,1.321553,-0.58659273,0.087709166,-0.9309986,1.3186965,0.40522686,-0.8274817,0.14110188,0.34242964,0.27688727,-1.42158,0.17976002,0.30545327,0.35725906,0.46858805,-0.13939355,1.7254616,-0.6565272,-0.6171597,0.32893866,-0.64189404,-0.8431476,-1.0501277,1.5277436,-1.5075349,-1.519403,-1.6376731,-0.23572886,1.2910563,-0.4293479,-0.24690801,-0.5271683,0.20959902,-1.2704116,-1.5609549,1.1357946,-0.74990577,-1.0729784,1.455662,0.94609034,1.1581851,0.43593615,-0.6910588,-0.1997319,0.638877,1.4755416,0.617449,-0.77253467,1.0820844,-0.6532257,1.2969251,0.2154188,1.1077137,0.23907548,-1.3709651,-1.613618,-1.4273483,-0.9360347,-1.5487278,-1.4221295,-0.63506913,1.6021564,1.427842,1.4398786,-0.6697396
482,-2.1822588,-1.547854,0.0,1.0,-1.411602,0.15717742,-1.6534356,1.0,0.0,0.6208261,0.3245982,-0.7379005,-1.0103086,-1.78782,1.5104343,-1.3245376,-0.76519793,0.49606332,-0.7756648,-0.5598222,1.6761373,1.3482376,-0.26782873,1.2252774,0.46062487,1.351745,1.2527995,1.3657839,1.0044961,-0.022047238,-0.61440283,-0.76257026,-1.2250061,-0.52035147,1.3569673,0.06847993,0.1516394,0.87468934,0.5352156,-0.29147023,1.4108394,-0.5031434,-1.0888461,-1.1325654,0.20141649,1.2948561,1.0971909,-1.0043122,-1.2613695,1.5545201,0.24346407,0.3894787,-1.6506,1.2781463,0.34134936,-1.5650356,-0.4552004,-1.7025601,-0.035170726,-0.45019585,0.6771469,1.5018507,1.3168733,-1.2869322,-0.24093668,-1.4178001,-0.042419963,-1.2626927,0.35388923,-0.20901304,-1.5398397,1.6461384,1.371487,-0.53029746,-0.6989674,-0.9847281,0.09418674,-1.482848,1.206336,-1.5257463,1.3110821,1.1586025,0.018140089,-0.025008345,1.8179859,-1.1359358,-0.20859869,1.0000223,0.02505455,-1.2125639,0.37714815,-0.02164338,-0.72939,0.29391572,1.3926898,0.30831164,0.96797454,1.0834695,0.6142542,-0.019148609,0.018833032,-0.45060533
483,0.32808185,0.7756523,1.0,1.0,-0.38448742,-0.41659728,0.75529194,0.0,0.0,-0.027386097,0.20105201,1.2433785,-0.47742233,-1.1395508,-0.35247427,-1.677795,0.7364571,-0.18355003,-0.36160442,-1.6703658,0.09736552,-1.5961281,-0.7447744,0.90316665,-0.46698114,-1.3940281,0.19171081,-0.09836073,-1.0138435,-0.14610669,1.3008289,1.7726624,0.9270299,-0.89040124,0.37726182,-0.5211668,0.25695065,0.6203566,-0.88775986,-0.57598424,-0.2638952,0.63288134,1.3612437,-0.82679886,-1.0219938,0.14885502,0.64655614,-1.4689748,-0.99857104,-1.3124529,-0.7181133,-1.2357368,1.5649047,-1.0847458,1.5163296,0.7747057,-1.4328945,0.12494053,-1.1554755,-0.76103246,-1.5362722,0.680206,0.53233236,-1.7872044,1.1176938,1.3836399,-0.525446,-1.2612946,-0.050194316,-0.36345804,-0.4430923,-0.39314505,-0.92645216,1.6615788,0.67420274,1.5359609,1.6470125,1.2813439,0.98197967,-1.3646917,0.15688719,1.0534449,-1.4657863,1.2894503,-1.4815578,0.95189136,-1.0045294,-0.74988353,0.1274632,0.30939072,1.5900909,-0.579604,0.71113235,0.24593458,0.5058098,-1.2515205,1.2318909,-0.42605102,-0.94062096,-0.8776038,0.43901536,-1.5878946
484,1.3847007,1.3749245,0.0,0.0,0.94092333,1.6101322,0.9414151,0.0,0.0,-0.5111155,1.4832425,-0.71160436,1.5555296,0.99069,0.37259862,-0.08463063,1.2253938,1.2335134,-1.552753,1.2522495,0.9627951,0.63150835,0.31013367,0.43635592,-1.7128401,-0.05140214,-0.19823304,1.786568,1.5379779,1.5428455,-1.4281675,-0.19811676,0.8571323,-0.4593848,1.4789306,-1.3623394,1.470537,1.3355157,-0.18342994,-1.7333055,0.9606426,1.1698331,-1.0501953,0.04949207,-0.1182475,-0.8231814,-0.6264448,-0.24635693,-0.989164,1.5876745,0.648777,-0.47269946,0.38659474,-0.5352118,-0.92079943,-0.2560367,1.2350883,0.89040273,-1.4902756,0.13607234,1.4714224,-1.4352033,0.47868285,1.3144115,0.3584693,1.611348,-0.12778808,1.0364451,-1.6272203,0.13340549,1.5802015,0.08052325,1.3421873,-0.90661323,0.1689565,1.39289,1.6286501,1.4594702,0.476853,1.548244,-0.5529897,0.016477212,0.6066549,-1.3776422,-1.4439359,1.2961931,1.6755538,-0.6308095,-0.15362379,0.20114926,-0.23396893,-1.2214928,-1.5840262,-0.3575826,-1.4090931,-1.004348,-1.0835845,-0.37772277,-0.8508362,-1.317725,0.23788565,1.0039932
485,1.1387249,1.2730321,1.0,0.0,0.31094113,-1.5476197,1.3052351,1.0,0.0,-0.63568264,0.23692892,-1.6815774,-0.9939869,-0.47430494,0.25381687,-1.4959035,-1.5995452,1.243021,1.0694169,0.6248795,-0.7641835,1.0985817,-1.0343665,-0.2777943,-1.388075,-1.1842272,-1.1899929,1.4885842,0.76685166,-0.7438055,0.6503588,1.0985266,-1.4280559,-0.8370791,1.533275,1.2551411,0.6009429,-0.6016913,-1.5074773,-0.24270512,0.22215763,1.0376745,-1.6553118,-1.7120386,-0.6195443,-0.6619885,0.3336463,1.6299609,1.2505908,0.4315729,-1.7402902,-0.5989852,-1.5022312,1.6072936,-1.7063413,1.4643388,0.40313628,0.06138635,0.94013256,-0.45738322,-1.3665056,1.3935137,0.6527882,1.3399547,-0.38536435,1.3160154,-0.0055606463,0.21512748,-1.7189989,-0.061591864,0.47333744,-0.5748188,0.8360785,1.5183375,1.5993756,-1.0834043,-0.7512586,-0.20891842,0.65638006,0.5289626,1.7702943,-1.5655848,0.5287125,-0.48048654,1.0960906,1.6838882,0.9342769,-1.4244026,-0.482758,-1.4391887,-0.009077141,0.53441066,0.6352369,-0.8440491,1.2552152,-0.17954166,0.0004096212,-0.56747437,1.0448129,0.7579328,0.81202894,-1.5030185
486,-0.6165416,-0.9580114,0.0,0.0,-1.2996094,1.4092857,-0.4644773,1.0,1.0,-0.13164034,-0.31616405,-0.27231312,-0.41822672,-1.6113553,-0.6039259,-0.053553075,-0.99553895,1.650618,1.3285545,1.4560649,0.45733878,-0.39681515,1.653883,-1.3636038,1.0209183,-0.81789213,-0.28131154,-1.5488837,-0.7592533,0.64300096,-1.5029826,0.4218752,0.9546704,0.95547456,0.98655385,1.4561995,-0.34864977,0.08311373,0.8411073,-1.5292306,-1.138371,0.16530074,1.5776043,1.4428594,1.5060277,0.39010927,1.1495974,0.057443287,1.1689296,0.65955216,-0.28620154,0.30047324,0.5703868,0.1863685,0.5315604,0.67300045,-1.5364105,0.6070524,-0.23028246,-0.7418417,-0.3086662,-0.74400723,0.12334818,-0.9795725,0.20061922,-1.5972406,1.5700669,0.76961464,-0.021493144,-1.6848013,0.36141413,-1.1122255,-0.30319625,-0.9907689,-1.0779397,0.4502112,-0.04692074,-0.4894626,-1.0169059,1.3739018,0.95515525,0.7814485,1.6004558,-0.9208333,-0.8729692,-1.3784157,-1.5535331,-0.32903793,0.69408077,-1.6265367,-0.95010823,0.7997965,1.2275867,1.1323421,-0.8478215,-0.07774937,-0.37988794,0.8695545,1.1326032,-0.6861116,-1.008178,0.4226338
487,-0.16116796,0.6212257,1.0,1.0,0.4324198,-0.7285585,-0.1842427,1.0,1.0,0.29299092,-1.032729,-1.6536989,0.19951583,1.6671523,-0.68437177,0.26017717,1.6727196,0.17946562,-0.839842,-0.47210586,-1.3789604,0.72762436,-0.119236656,1.6290333,0.20813465,-0.36455837,1.3227682,0.40839186,-0.5223227,0.07836526,0.2522784,-0.014440532,-1.2927724,1.1475066,0.49807447,0.7804582,-1.434222,-0.61357254,1.5538757,1.6624805,0.31336504,-1.098265,0.6852301,-0.77224106,1.2427964,-0.36516473,-0.23403044,0.8659922,0.5188052,-0.6500833,0.8951377,-0.5823431,0.81968033,0.53882736,-1.227743,0.46938732,-1.465141,1.1014998,-0.29111558,-0.6937267,1.5173609,-1.4479325,-0.32636514,-0.31176254,-0.34921226,0.81611294,1.5306503,-1.0307024,-0.17797391,1.8234258,-1.2155632,-0.34041953,-1.3897876,-1.620862,1.2380632,1.2658213,0.51402855,1.187881,0.030714707,-1.6199036,-0.8896534,-0.7541592,1.3492035,-0.25082633,0.7711034,-0.6289151,1.0880096,-0.96145093,-0.46791208,-0.584051,1.2353817,-1.6513664,1.4953036,0.68838686,1.7268364,1.5092535,-1.013782,-0.7446314,-0.981596,-1.6749126,-1.3056414,-1.2481688
488,-0.5153943,-0.71605027,0.0,0.0,-0.4400945,-0.3988047,-0.29467157,0.0,1.0,1.4156338,-1.0306727,-1.0383456,0.50152075,0.1752167,0.96414655,-0.79335815,-1.2298684,1.5737306,0.11744478,1.1538899,0.18411763,0.9653319,-1.3032966,-0.40500894,1.0277897,-1.6351986,0.4552585,-1.6871258,0.027990134,0.45900935,1.4587183,-1.4422578,-1.6851704,-1.3591036,0.42081264,0.4764349,-0.3429671,0.9177292,-1.4782476,-0.64227295,1.2414998,-0.8788013,-0.3788884,0.36498725,-0.83961535,0.47232297,-0.044137042,1.0691715,1.1114742,-1.5724522,0.87672114,0.6694006,-1.3072642,-1.2240472,-1.2758443,-0.6952922,0.7321329,0.55172336,-1.390173,1.5405303,0.66151685,-0.7472887,0.22549182,-0.53460646,-0.463881,0.46257627,-1.0163323,-1.070378,-0.73737645,1.0973163,1.4409919,0.9286631,-0.8348257,0.9920984,0.7261844,-1.3735659,-0.052186877,1.4808754,-0.8174087,1.295946,-0.86413825,-0.059745602,-0.32816118,0.09311757,-0.5425942,1.7240196,1.195759,-0.4186307,-0.81895864,1.0661638,-0.56855613,0.98568285,-0.5841438,1.7745304,-1.1012,-0.17549314,-1.1900784,0.41060394,1.4745004,-0.399897,-0.8860975,-0.735248
489,-1.1221473,-1.2834209,1.0,1.0,0.14970422,-0.81724364,-1.2463572,1.0,1.0,-1.4496582,1.3637599,1.3713855,-1.6865612,0.7401543,-1.1952741,-1.6523383,1.0183218,1.3105903,0.57625127,0.30502352,0.29329282,-1.7181163,-0.15454797,-0.40941763,-1.352421,-0.21796797,-1.2521641,0.09006758,0.97066075,-0.19515252,-1.3755381,-1.0311303,0.0050504943,-0.3933947,-1.5117022,-0.76728505,0.42361763,-1.6815923,0.15258065,1.3394878,0.8764935,0.2827692,0.6193768,-1.098088,1.3139473,0.6469529,-1.6833165,-0.97547156,0.332077,1.5075707,-0.13108799,0.9342359,-1.5858055,-1.139916,1.0674008,-0.6689364,-0.9846551,-1.6634898,-0.50980663,-0.16044801,-0.35996976,-1.4020705,-0.5572706,0.46024957,0.7140643,1.0706046,1.1222234,-0.17161803,-0.7324484,1.1906765,-0.26974887,-0.64998853,-1.4896371,1.2531346,1.0330781,-0.6209924,-0.6284779,-0.5711636,-0.71063024,-0.30186743,0.9043211,-0.9182726,0.2932768,0.18233617,1.8104335,-0.9131244,1.0475186,0.36796546,0.89901453,0.27527317,1.2344428,0.84214246,-0.9442807,1.0261058,0.55047107,-1.4516462,-0.9492581,1.2193072,0.18995312,-0.5663847,-0.18099335,-1.5387727
490,-0.16139013,-0.21409039,1.0,0.0,0.49740237,-0.4067342,-0.7276115,0.0,1.0,-1.306553,1.4278059,0.94846773,-1.3357712,1.2613862,0.3038576,1.5135937,-1.0452121,0.6134274,-1.081468,0.98864955,1.283466,-1.6598779,0.2296429,-1.6243913,0.5416853,-1.1198596,-1.2675158,-0.7238207,-1.0092254,-1.7038593,0.06953889,1.2047073,-0.95502454,1.2227645,-1.0571638,1.6658407,0.19304658,1.6232972,-0.38362548,1.1332389,-1.5896585,0.8979576,-1.2335378,0.38802096,-1.6960034,-1.5458997,-0.011484687,1.2099434,-0.54535574,0.8828532,-0.8985254,-1.4118645,0.49641204,1.668673,0.55409306,1.6215839,0.6159369,-1.166254,-1.1178186,1.3026369,-0.3373093,-1.2269604,0.7381785,0.4256047,-0.9360702,-0.92188936,1.7484934,1.1755302,-1.4607319,0.2548265,-0.9705328,-1.5136441,0.545888,1.0266261,1.4712933,0.025105076,-1.6258479,0.06586068,0.54012144,-0.1641127,-1.7101551,-0.74734396,-0.7876847,-1.6881453,-0.40040982,-0.764509,-0.2831341,0.4383421,-1.0003895,0.994008,1.5398668,-0.9190045,1.2450755,0.5770076,1.4915085,-0.019636493,1.5333301,0.24271308,0.85132045,0.45359576,-0.47567263,0.24439435
491,-0.53998196,-0.6178917,0.0,1.0,0.116738506,-0.17642258,-0.22270097,0.0,0.0,-1.3409836,-0.07416358,-1.6796052,-0.8636761,-1.3944058,-0.90877646,0.74625134,0.4030151,0.5111813,-1.097442,1.7654549,-0.03402587,-0.45101175,-1.4276594,-0.51878154,1.2686332,-0.19963612,0.5521602,0.18830283,1.5512762,-0.5503052,0.18505435,-0.32743192,-0.26630855,0.41113168,-0.21135023,-0.6621403,-1.3914518,0.18789035,0.69435215,0.7209599,0.4133486,-1.3323661,-0.9390141,0.41943604,-0.5449209,-0.9759982,-1.3409361,0.19325475,-1.6602538,0.95964545,-0.20298204,-0.6886918,0.6391561,1.3343276,-1.1436603,-0.048051875,-0.89949596,-1.6412237,-0.5464286,-0.8352755,1.4006522,0.94046587,1.322876,1.3833935,-1.3484285,1.4383688,-1.5587577,0.5574576,0.22313046,0.28241315,0.5801939,-0.12831134,-0.7211887,-0.8616584,-0.48057547,-0.5991842,1.1432275,1.4307369,0.48647916,-0.110340476,0.019953039,-0.70433354,-1.1711321,-1.4610476,-1.1048613,1.3506441,-0.09732271,-0.22022757,-0.27022702,-0.9172539,1.6738973,-0.9259979,0.9874393,-0.86447066,-1.3229709,1.0418408,1.0424858,0.8501066,-1.3290976,-0.23226379,0.25998798,1.2854514
492,-0.9700415,-1.2438077,1.0,1.0,0.9758169,-0.09569828,-1.6369574,1.0,1.0,1.0957311,-0.062132616,-1.0562261,0.15238158,0.18784446,0.2192908,-0.2193078,-1.6782291,0.7195252,-1.4310845,0.58746016,1.5163568,0.09735166,-0.4884198,-0.07211182,-1.4955187,1.2744874,0.8013215,-1.65707,-1.2163225,0.80072963,-0.74243957,-0.34749392,0.10684858,0.82036215,-0.9809901,-1.0159724,1.6328846,1.6433378,-1.6123147,0.5791751,-0.7433471,-0.31746852,1.1630563,1.5507274,1.3747541,-1.3909185,0.7693661,0.67539614,-0.33687583,0.9104882,0.32845163,0.746588,-0.5437876,0.17207228,0.5783375,0.66823584,-1.2312034,-1.0963204,-1.2206281,0.047690284,0.514636,-0.47663122,1.2981515,0.43603316,0.2837118,0.6985048,-0.45867363,-0.5620311,-0.54397583,0.22735861,-1.6681125,0.8145975,-1.1219578,0.05847033,0.95051587,0.105184734,1.360159,0.51361424,1.3337345,-1.4471002,-0.79599285,-0.9140956,-1.3256603,0.32758504,1.6962506,0.066646084,-0.06158159,1.090961,0.9144427,-0.78351176,-0.665031,0.86274976,1.0355959,0.2236094,-0.22258672,-1.4214243,0.9444364,0.37097165,0.87769437,-0.6122722,-1.0405227,-0.48812452
493,-1.097633,-1.1496284,0.0,1.0,0.42719445,-1.2475942,-0.8108399,0.0,0.0,1.1477354,-1.3671869,1.2000505,-0.40883467,-0.9338642,-0.72645533,-0.30066517,0.20354061,0.12372901,0.74816585,1.7453761,-0.75422966,1.005952,0.7454151,-1.0749075,1.7054902,0.6046474,0.753208,1.6979526,-1.5921676,0.9593975,0.046093322,1.7205311,0.89790255,-0.6815944,-0.35055467,0.64400274,-1.6781403,1.3803775,0.7922133,-0.6501088,0.77515507,1.3210832,1.2197394,-0.5100997,-0.62326914,0.026065957,1.276345,1.427238,0.28382733,-0.16689496,1.201337,1.2457792,0.7971162,-1.6519578,0.107989036,-0.26496422,-0.978761,0.7261668,1.5655388,1.36742,1.3804008,-1.0242378,0.41808775,-0.82952994,0.61821413,0.12644045,-0.33353454,-1.6715829,1.5513306,1.3139967,1.1417083,-0.6590419,1.612914,0.5734156,-0.7875322,-0.3427736,0.80091435,1.0262358,1.0702298,-0.94410974,1.3209015,0.16475214,0.35069805,-1.4659168,-1.101557,-1.4062029,0.71507984,-0.083029866,-0.8573917,1.3876476,-1.749274,0.32628724,1.5906584,-0.5564269,-1.6996331,0.7670483,1.5718298,-0.74038965,-0.11397078,-0.4717066,1.7022244,0.5308445
494,-1.0655423,-1.21211,1.0,1.0,-1.7908273,0.06591096,-0.4562736,0.0,1.0,0.9115973,0.052819863,-1.2337908,-0.49526855,0.4115526,-1.3021774,0.2542219,-1.5127397,0.62308466,1.1577865,-0.3624006,1.4417638,-1.3264972,-0.37556276,0.6754576,-1.6028255,0.35633966,-0.040493455,0.19683184,1.3980589,-1.7214456,-0.470754,0.5335579,0.5734024,0.5785341,0.6146732,1.2095401,0.25245762,1.2431315,0.70615554,-0.6495071,1.1556259,-1.4710929,0.9325929,1.0311251,-1.7008133,-1.3157073,0.7310118,1.2796677,1.002323,-1.2147143,1.0411272,0.35708475,-1.4276848,-1.3469794,-0.92579854,-0.47841668,-1.5538973,0.23444895,0.53055286,-1.4766681,0.16273041,-0.16763972,1.2665308,-1.5923924,1.5721571,1.1737857,-1.1359712,-1.3101418,0.36580625,-0.08596869,-0.0133078415,-0.6392854,0.6759494,1.3311452,0.2723677,-1.7743921,-1.1788448,-0.59308344,1.3879043,1.2895824,0.29761863,-1.588532,-0.112735994,1.5109164,-0.50031525,1.118982,-0.16758242,0.7877578,-1.1536025,-0.6591458,0.68096876,-0.2374478,-0.36490193,0.5737411,-0.8052258,1.3617487,0.5086191,-0.62856674,1.4968048,1.6944268,-1.2652289,-0.3749206
495,1.6517504,1.9318337,1.0,1.0,0.40961576,1.1128643,1.6649725,1.0,1.0,0.71449786,-1.4917235,0.31777707,-1.2535595,-0.25365636,1.5384972,1.3010702,1.1659942,-0.06524263,0.44978413,1.0931014,0.7430298,-0.5339942,-1.7066594,0.8470288,0.7878964,1.4835031,-1.6614379,-0.58951646,-1.0511308,0.3949694,-0.048820768,0.68891245,-0.3273133,-1.4296694,0.99781746,1.3920283,-1.0113747,0.9057076,0.61720437,-1.5905194,-0.16302031,-0.7563538,-1.2993283,-0.32865435,0.7718948,-1.3255328,0.10893582,0.58226186,0.04222709,-1.5015728,-0.8099164,0.003811058,-1.6133229,-1.2665983,-1.6107296,-0.9335745,1.4793636,-0.16507104,-1.5034058,-0.5479924,-1.4935055,1.3383394,-1.6537975,0.34154117,0.8096229,-1.047423,0.5007723,-1.6020054,1.0682836,1.7070446,0.53660136,1.5714194,1.3484976,1.3847092,-0.48448923,-1.1504079,1.5168264,1.1375211,0.5955106,-0.0013559959,-0.32246634,0.11946739,-0.29151875,-0.39976275,0.87945163,-1.5106922,1.5843322,0.13432433,-0.33599767,-0.1671634,1.6359968,-0.9898727,-0.7993261,-1.6617465,-1.494058,-0.44881436,1.0001963,-0.5389493,1.0204425,-1.3235167,0.014125655,0.07211428
496,0.85043365,1.166809,0.0,0.0,-0.65327895,1.1625084,1.1495315,0.0,0.0,1.1961887,0.3532994,1.1470045,-1.0288864,-0.27057564,-1.0687908,-1.5200336,0.44412598,-1.5485353,-1.0222555,-0.7970796,0.7476472,0.98794556,1.0138034,-1.466759,0.88781554,1.467,-1.190619,1.1094453,1.342648,-0.8235875,-0.05381118,-1.1087477,-1.0285985,-0.42681146,0.86762846,1.100506,0.8176926,0.1560905,0.78870195,-1.3544426,1.550801,-1.0857006,1.1046315,-1.7245903,-0.084443256,1.2541008,0.69259846,-1.4525616,-0.62858593,-0.54679143,-1.6978238,1.4528974,-1.4830806,-0.14612924,-0.005767205,0.7640372,0.7025425,-0.1235337,-1.4206922,-0.07567012,1.4513153,0.228518,-1.145548,-0.3807212,-0.48041558,-1.102876,-1.0257295,0.34656873,1.2948548,-1.2202574,1.6700153,-0.32985094,0.15215039,0.43392533,-0.23978835,1.1899147,-0.89662564,-1.6665922,1.1519833,-0.066687316,-0.8766016,0.52904725,-0.28294924,0.194629,-0.95122355,-1.6839176,0.22738284,0.07076724,0.53168464,0.58128643,0.45430163,-0.5584665,-1.108753,-0.5191689,0.08265778,0.58777195,-1.4982148,-1.5422297,-1.0247742,1.501231,1.0654463,-0.6581412
497,0.0658497,-0.008413351,0.0,0.0,0.03183628,0.69337404,-0.061676927,1.0,1.0,-0.6222474,0.078688614,0.54291236,-1.6660414,1.5509328,-0.92759496,0.91801095,-1.4601079,0.8366804,0.5295017,0.79013366,-1.4324726,1.523947,0.8930175,-1.5615492,-1.6520255,0.96213835,0.11572,1.0920744,1.3515854,0.45327467,-0.43610004,0.4188428,1.4503617,1.4529064,1.4742473,-0.6430853,1.3322537,-1.3265238,0.7112597,-0.14208987,-0.6523647,-1.5951647,1.1088382,-0.43445346,-0.5241529,-1.1802984,0.11487338,-1.0016743,0.6557863,-1.6095837,-0.81248957,1.3778597,-0.37340796,-1.3081193,0.1288918,-0.26277876,-0.64704335,0.34119043,-0.7286431,-0.890807,-1.495081,-1.148542,-0.97390085,1.5833372,0.9650869,0.8752803,0.8331968,-1.1715949,-1.27229,1.2725946,-0.6159587,-1.2798834,-0.8032356,-1.0762019,-1.2545383,-1.3641438,-0.5009346,0.8473715,0.002935049,-0.7086178,1.0424893,1.6491672,-1.2691549,1.0892377,-0.05452298,0.937473,0.9019092,0.6411784,-0.704702,0.6861308,-0.8494121,-0.62300396,0.80038327,1.7621529,1.2095622,-1.5110229,1.567006,-1.3844383,0.23796616,-0.506971,0.0012068357,1.596994
498,1.424559,1.317982,1.0,0.0,-0.36761916,1.6307945,1.1921569,1.0,1.0,-1.6624459,-0.4943473,0.056093417,1.7435243,-1.6802329,-0.3792549,1.0458559,-0.7370052,0.65869486,-1.1002804,-0.8570801,1.3275417,0.8776753,1.2877975,-0.86532426,-1.6877494,0.5956113,0.8176142,-1.6382567,-1.2502548,1.2628562,-0.34412545,-0.5342206,-1.3510939,-0.36012325,1.1115711,-1.5951813,-1.5467211,-1.4756693,0.5439846,0.27584454,1.4955415,0.071540914,-0.22367048,0.09607745,-1.2483209,0.88146466,-0.78703934,1.4869887,0.7953722,-0.78701735,1.6799899,-1.5783246,1.2607533,-1.3821752,-1.051401,-0.116229005,-0.99245656,0.35705003,0.6255906,-0.24159804,1.4212377,0.78214246,0.054688472,-1.7176104,-1.3909786,-1.6965712,-1.4380473,1.1297482,0.9605326,-1.6237801,-1.0572248,0.06033144,-1.7008028,-1.5434246,-0.26341227,-0.22348654,-1.2034043,-0.64152557,0.506925,1.1760436,-0.69337547,-0.12901278,0.9784439,0.46577358,1.6414144,-1.4341286,0.93208873,-0.61643094,1.0642588,1.5060886,1.490761,-0.97089636,1.2930675,1.7142178,0.7167005,-1.6233047,0.336684,0.9740843,0.16103783,0.94250107,0.74043626,1.491396
499,-1.0803385,-2.2006125,1.0,0.0,-0.98862284,0.6544529,-1.443691,0.0,1.0,-0.30200467,0.6385781,1.6285653,1.5175161,-0.12918074,0.92621225,0.9338229,-1.2730268,-0.07788341,1.1195769,-0.6759409,0.5428089,0.8181063,0.10845575,0.19921573,0.8022581,1.4663733,-0.8091136,-1.4127504,1.2622554,-1.5736583,1.2665906,1.7254126,0.68885326,-1.589193,-1.5121653,-0.52733314,-1.0664591,1.594617,1.258348,-0.16758186,-0.46293467,1.6609961,-0.04670319,-0.104096435,0.3725281,0.5189503,0.19971871,0.6052841,0.31699517,-1.3954245,0.87706155,-0.013395402,-1.1914762,0.03296161,0.419661,1.2396458,-1.0484847,1.7500932,-0.4830874,-1.3103867,1.5862153,0.7740797,-0.5344122,-0.70904136,-1.4691439,1.0679957,-1.3181903,1.2834712,1.2467777,-0.006035912,-1.1421528,-0.18539526,-0.9622714,1.2839254,-0.1714821,-1.1796396,1.3801214,1.3640269,-1.7139839,1.2366445,-0.1789841,-1.7094843,1.0692055,0.392069,-0.7985765,1.4289608,-1.5331788,1.8366065,1.2183698,-1.2212235,0.43299228,-0.12577267,-0.81525886,-1.5412769,-0.16282432,-0.8140448,0.8981982,0.36060533,-0.5317319,-1.6870995,-1.1407423,1.0735227
500,0.2878599,0.29336506,0.0,1.0,0.80484664,0.28316635,0.34608695,0.0,1.0,-0.30549148,-1.5329702,-0.18032946,1.210888,1.4240448,0.95709175,1.7052557,-0.55549103,-0.6097083,1.3064805,0.21232808,1.5428795,-1.1370267,1.2154673,-0.40652213,0.23693259,-0.40505636,1.5235107,0.38721806,-1.6024004,1.1099305,0.14196478,0.051311586,0.6604074,-1.4530939,-0.9008709,1.5622251,1.6211659,-1.084601,-1.5689873,-0.13287552,-0.14555801,0.23142219,0.5005097,0.4477551,0.89876074,1.2536517,0.92467564,-1.6039395,0.37815094,-0.62098,-1.2036319,1.3451903,0.011895143,-1.3252001,-0.07096983,-0.0036896393,-1.4501585,1.3841723,0.3258795,-1.2686777,0.7011224,-1.1429869,0.38104904,1.627898,-0.46355644,-1.4732721,-1.3720778,-0.71102446,-0.36789444,1.0363742,0.19660874,1.1033964,1.5185115,-1.2163069,0.47880965,1.2553979,1.0298895,0.9418432,0.9259128,1.5139832,1.391782,0.57005423,-0.8409241,0.5713008,0.33205172,0.19769941,0.26135615,1.6447381,-0.79146576,0.91081834,1.6893185,-0.23613301,-0.18245365,1.5010178,0.49459457,1.1766508,0.32146966,1.0993254,0.20378475,0.9502597,0.6488611,-1.1632786
501,-0.65176785,-0.9903488,0.0,0.0,0.6219067,0.91713494,-1.2582077,1.0,0.0,1.1963291,0.6452278,-0.52207756,-0.06041009,1.5818654,-0.58894324,0.53039217,-0.11948474,-0.6666105,-1.6938626,-1.2955415,1.2269534,0.26935664,-1.5944213,-1.137323,-0.026908886,-0.94171983,0.42107117,0.30594313,-0.24862577,-1.6080546,-0.56109697,0.46938774,1.0582229,-0.94015616,1.1175374,-1.0577122,1.5209308,-1.6038684,0.6445076,0.9613233,1.4770219,1.2452494,1.5862277,-0.8785214,1.7632946,-1.455151,0.22729199,0.17790855,1.4076619,1.3543272,1.2674804,1.4237665,-1.4082403,1.4097997,0.98447055,-0.7781291,1.487104,1.5552354,0.11253954,1.3271012,0.62367976,-1.494845,1.5720278,-1.1343937,1.0461748,1.2162766,0.067155644,1.3586676,0.5186765,1.5168898,0.8623024,-0.20267308,-0.102542445,-1.0708125,1.1995723,-1.4010831,-1.4371688,-1.3726041,1.5235572,-0.7300778,1.6659473,-0.012956713,-1.7187061,-1.3724184,-0.12170419,-0.6393205,0.022521688,1.1789998,0.7959476,1.3215352,1.4101577,-0.9455857,-0.46701658,0.699163,-1.5453918,-0.39477736,-1.4232755,0.73060656,-0.16613556,-1.514539,1.244527,0.6857227
502,1.1854826,0.73577666,0.0,0.0,1.6976256,1.0986961,0.32909188,1.0,0.0,-1.18131,-0.60535264,-0.9064613,0.19228095,-1.4292248,-0.60501367,1.6918051,-1.5740646,1.3672326,0.4573814,-0.39916953,-1.4680686,0.46912995,0.8270566,-1.2033732,-1.664548,1.6935644,0.9456134,0.22819728,0.82790786,-1.477331,-0.20637767,0.68814903,0.37391752,0.06792035,1.1301422,-1.2495903,0.36791968,-1.3101552,-0.5256156,0.6635522,-1.6893989,-0.6588103,-0.9151323,1.401189,1.5141208,1.5856798,-1.1194471,-1.2572405,-0.7835262,-1.635835,-0.9008832,-1.4177129,-0.14974485,-0.823111,0.53038687,-0.6051166,-0.14405729,0.2609879,1.1709323,-0.5839373,-1.3521144,0.906261,1.182374,-0.43002987,1.4848956,-1.2017335,0.6710723,-1.5239228,-0.33961535,0.9278767,-1.3055748,1.196653,0.7088852,-0.40422323,-1.0931826,-1.6798904,1.1548202,1.289761,-1.5204569,0.7136827,0.5177755,-1.3200439,-0.83375156,1.0489563,-1.5667104,0.5566684,0.23867631,-0.15824074,0.46391597,-0.0162434,-0.52267015,1.7136675,-0.32807812,-0.112429716,0.08994876,0.9880232,1.3438498,-0.66309935,-0.020763243,0.2906127,0.19266438,-1.2392174
503,0.9026503,1.3365957,0.0,0.0,1.3034317,-0.8015622,0.67045194,0.0,1.0,1.2146466,-1.0186175,-1.172407,1.4192271,-0.5316615,1.1943332,-1.6070318,0.9467501,-1.0645391,1.5064828,1.0800049,0.7649879,-0.76768774,-1.2485386,-1.1183208,-1.3787163,-0.9250564,0.3916785,1.6685716,1.039153,0.39910826,0.4259019,-0.53790444,0.746565,0.3205482,-1.2822034,0.329246,1.3656574,0.39642018,1.1594634,-1.000312,1.1446267,-1.0346802,-0.0810618,-1.1439394,-0.1855818,-0.29592457,0.13297226,-0.2987934,0.16422166,1.334199,1.513509,1.0090442,-1.0370089,-1.2907186,-1.2314584,-0.18359098,0.51008636,1.3877361,-1.1362227,0.075586356,-1.0741621,0.3169303,-0.40448835,1.6836213,1.520686,-1.0368606,0.9932719,1.2422153,1.0707371,0.15004122,-0.5585615,0.57635254,1.4225199,-0.77023226,1.6506033,0.5730642,1.0538843,1.344687,0.98126554,0.92396265,-1.0528662,0.5494441,0.45072383,-1.2693788,0.031897187,1.3608898,1.0369748,1.5317873,0.6362702,-0.30116928,1.3181584,1.5181688,-1.2773392,-1.7067525,0.4722851,1.7444199,1.5401655,-1.2669462,0.24715321,1.1188483,-0.04380135,0.11066394
504,0.81834054,0.5040424,0.0,1.0,0.26023337,-0.9614756,1.5484498,1.0,1.0,0.7513362,-1.1443982,-0.6573548,-1.0656114,-0.34410974,0.33998233,0.55274135,0.64231604,0.27374825,-0.08103931,-0.36006948,0.488328,-1.3364309,0.6174791,0.46257848,-1.2951663,0.14749199,-0.1076421,-1.2106866,1.1860273,-0.8370889,-0.9313791,0.042763732,0.90961736,0.29453745,-0.69838166,1.5780377,0.84565634,-0.23198225,1.6740781,1.147417,1.387086,-1.540381,-1.3510581,0.62581265,-1.131696,1.547519,1.3185942,0.73944116,-1.462742,1.0341713,0.5741447,-1.3225616,0.00097365776,0.9887275,0.034440257,-0.20811671,0.22701392,0.3042912,-1.6356617,0.19157903,-0.41787618,0.64836985,0.7417788,-1.6549095,-1.3913095,-0.5480515,-1.7125127,-0.879583,-0.63996214,1.4512523,-0.27454636,0.57825947,-1.4912614,-0.1585282,-1.1689832,-0.29243883,-0.03655265,1.0728036,0.023517624,-1.2808833,1.3677496,-0.83134615,-1.0284874,-0.20816201,-1.5390131,0.2611036,0.20595425,1.1941729,0.34177983,0.49344385,0.20198621,1.5680895,1.5785426,0.22321801,1.1688342,-0.44128707,-1.0222096,0.10316613,0.09881247,-0.94581574,-0.79556036,-0.057825428
505,-0.51528686,-0.54301715,1.0,0.0,0.65334326,0.99936193,-1.5641305,0.0,0.0,0.51678276,-1.5565095,0.49957034,1.2836943,-0.52976304,1.5995767,0.5409432,0.3840794,-0.38697618,1.5386757,1.402246,1.031505,1.6284627,-1.1674601,0.8890767,1.7083733,-0.8202495,0.8997304,0.3754525,-1.4649265,0.14212348,-0.17320284,1.4324596,1.2968419,-0.7307808,-0.15977472,-1.4857868,-1.1672623,0.61897504,-0.20076822,-0.33392903,0.83500373,-0.98809475,1.2947916,1.1059631,-1.7102001,0.16322076,1.1912512,1.0716776,-0.6653831,0.9314051,1.5680476,0.7002598,-1.3528367,-1.5817391,-0.32333443,0.22486597,-0.6842292,-0.47121766,1.0773228,-0.2672292,0.22235912,1.3419442,0.8263816,1.459324,0.15360112,1.2363164,0.0952822,0.01785246,0.6388732,0.742853,-0.7943023,-0.8919579,1.263325,-0.5654353,0.041291658,-0.32452697,-1.6406581,-0.04799548,-1.5870048,-0.12948069,1.6337929,1.024228,-0.3912169,-1.2335081,0.79446435,-0.41157588,-1.212339,1.7964897,-0.48861405,0.5694143,-0.039186537,0.67834926,0.34059915,1.0312431,-1.2085727,-1.4085715,-0.50084454,-0.27009642,-0.017918332,1.071159,0.77350706,-0.7253987
506,-0.7528726,-0.053621296,1.0,0.0,-0.7510252,-0.30646455,-0.83001244,0.0,0.0,-0.72448665,1.5730927,0.2591987,-0.988278,1.5977849,-1.5070826,0.036011655,-0.7902115,-1.3320853,-1.6101447,-1.7531388,-1.1278026,0.29364184,1.241928,0.6770499,-0.50079894,-0.65184164,-0.60333157,-0.9356151,0.91391575,0.5752008,0.72202563,0.30165884,-1.593994,-0.21136044,-0.27708048,-0.73191917,1.3130091,-1.3334647,0.6392313,1.1099491,-0.57123435,0.17075273,-0.6672486,-0.731466,-1.0897545,1.0434338,0.9420581,0.16106586,0.9391308,-0.70540893,-0.89765763,0.6437542,0.85599905,0.9037177,0.40293017,0.69222647,-0.03424374,-0.78197306,-0.98097384,-1.716699,-1.2306867,-0.41676846,-0.89057165,-0.46356365,0.8934322,1.742098,-0.07634123,0.13798341,1.6580826,-0.90793794,1.2942877,0.757333,0.51795894,-1.0646951,1.2297473,-1.3747078,-0.11471519,-1.2865908,-1.2534806,-0.17312533,1.7297378,-0.038028546,-0.76188004,0.17577961,-0.74796396,0.10986274,0.95931935,-1.5772539,1.1113789,-0.42635515,-1.1734017,0.54003316,-0.3446583,-1.5528764,-1.0762748,0.27163872,0.35640803,0.39503914,0.74514925,1.290065,-1.2927804,1.1785736
507,-0.45195007,-0.098653555,0.0,0.0,-1.4829614,0.72799945,0.046008464,1.0,0.0,-0.88203114,-1.1686105,-1.5450287,1.0239443,-0.006854809,0.34368423,-0.53884655,0.25049317,1.0799538,-1.0745447,-1.0938216,0.27326927,0.8126894,0.67574126,1.6487485,-0.9282782,0.7400143,1.4556466,0.4177433,1.5228384,0.84434986,1.0576113,1.1749452,0.060552895,1.4691291,-0.30553058,-0.83230764,0.9182026,-1.2023531,1.6749368,1.6642417,1.1140944,-0.2527479,-0.87698674,-1.4400108,-1.709648,-1.0370352,-1.2360624,0.8341855,-0.16036674,-0.82256514,1.0506707,-0.55689186,1.2377875,0.39961296,0.5013977,1.2587162,1.4863268,1.0973489,-0.104514,-0.82576317,-0.5112843,1.1659538,-1.4666725,0.7550435,0.12027726,-1.4075412,-0.7063262,-1.320874,0.5898303,-0.30303797,0.87725574,-0.7638052,1.4954163,1.2329876,-1.0474681,0.6500954,0.79371107,0.17048185,-0.70115054,-1.2096661,-0.049682938,1.4429244,0.0043066475,0.65195704,-0.7992939,0.27644747,-0.64558226,1.7115386,0.548167,1.3772495,1.4135542,0.9093764,-1.134866,-1.023788,1.0765483,-0.27682793,0.49882275,-0.45206687,0.722966,-1.3612813,1.442519,-0.1437913
508,-1.5649161,-1.5739166,0.0,0.0,-0.7370016,0.7220122,-1.6203907,1.0,1.0,1.3713133,1.2768523,-1.2341892,1.197496,-1.4125321,-1.2429764,-0.4030534,-0.7661132,0.69020385,-1.0668501,-1.5651152,-0.76135445,-0.89753044,-0.031871956,-1.3491157,-0.39198887,-1.5747964,-0.43240705,-1.470518,-0.19713505,1.2416555,0.24586117,0.7130423,0.19825172,-0.6246589,-1.6367943,-0.75633925,1.4540951,-0.47416517,-0.111754805,1.6634516,-1.5588696,-0.60873777,1.2410113,-0.8155551,-0.45595235,-1.226938,-0.5716072,-1.1608448,-1.1992433,0.85063547,0.49041033,0.03402372,-1.7725968,1.4014333,-0.89252883,-0.98557425,1.425926,-0.36997393,-1.5978397,0.6576084,0.22836985,1.3903438,-1.6097299,-1.0837305,-0.7320514,-0.17430405,-0.7875321,1.3882058,-1.4262378,0.6737395,-1.0566008,1.1423588,-1.2692778,1.003129,0.57951903,1.1464196,-1.12112,-0.41111946,-1.6648879,-0.44605342,-0.5120698,-0.2921826,-0.866007,0.9554865,0.67291224,-0.77993053,0.90791565,1.4317476,0.026653476,-1.468,-1.5313692,-1.2191533,0.007905,-0.20042956,1.3198113,1.6956353,1.5124749,-0.023445703,0.11554075,-0.87267244,-1.2961812,0.1962766
509,0.41145343,0.21860816,0.0,0.0,0.8632107,-0.42914256,0.21343386,1.0,0.0,-0.24915832,0.91094214,1.2644931,-1.6142989,-0.08209535,-0.20388883,-1.5031569,-0.6146654,-1.5380522,-1.2793735,0.22188653,0.079262465,-1.0624061,0.057258636,1.5093426,-1.0221926,-1.0219395,-1.7113241,-1.2501091,-0.5898491,0.6254701,0.48086536,1.6130669,0.40284666,0.91700524,1.1179053,1.0737741,0.027768625,0.31092986,-0.4601293,-1.2934985,-0.98814803,-0.027294664,1.3672066,1.2315316,-0.84795964,-0.2753723,-0.05168526,-0.6106823,1.5665903,1.4558314,1.3973175,-0.7793184,0.19493833,0.31388596,0.2449542,1.4777844,-0.17824055,-1.0549991,-1.5681942,-1.3384501,-1.1611502,-0.7861473,-0.010652269,0.5182916,0.15108018,-1.2730875,1.3083011,1.3809273,-0.0065915748,-0.5248318,-1.3965684,-1.5386401,0.9733627,-1.1261292,1.2544875,0.8826069,-0.7536119,-0.56070894,0.8153007,-0.07034427,0.8336908,0.7860799,-1.1098497,1.1536704,-1.1324874,-0.11669718,1.7165772,1.236011,0.66447335,-0.41294435,-1.0979381,1.394642,0.6072431,1.1235076,1.3288168,-0.025447704,0.8073346,1.397815,0.036498167,-0.6025355,0.90325695,0.11833389
510,-0.63048947,-0.6499347,1.0,0.0,-0.50056785,1.517066,-1.2703862,1.0,1.0,1.4314388,-1.1935039,-1.0681626,0.28311825,-0.23020883,-0.9308372,-1.1945754,-0.8926557,1.5590748,0.8237964,-1.2309521,-0.8361378,-1.6779776,-0.57341754,0.9390392,-0.096625425,0.929517,0.50901115,0.95068735,0.32910198,-0.8116596,-1.3379647,-0.2632917,0.30397037,0.017686354,0.76284575,1.2207574,0.65721637,-0.9404921,-0.6538482,0.58584356,-0.30170447,-1.2057779,-0.81547976,0.13561952,0.4543856,0.48704788,0.948479,0.70063525,-1.1378272,-0.12651262,1.521898,-1.5294697,0.13891575,0.762851,0.26071006,1.3986429,-1.2132512,1.2590774,0.61798435,1.7246802,1.1174064,1.31163,0.6979715,1.4323233,-0.40581512,-1.5936476,-1.011891,1.2834035,-0.5176495,0.98558015,0.20799516,-0.39061537,0.7052707,0.81216,0.3593031,0.14104274,0.25454623,-1.0190668,0.19852683,0.35782725,-0.60498923,0.02322712,1.68876,-0.37045774,-1.5774451,0.014443,-1.4568722,-1.4117029,-1.0469283,-0.9692239,-0.79738295,0.67342895,-0.5709856,0.8283075,0.39901283,-1.1801554,0.9201398,1.105748,1.6200056,-0.4701233,-0.9345115,0.75555825
511,0.9586334,-0.30674717,1.0,1.0,0.3517304,-0.14178912,1.0308526,1.0,0.0,0.54550105,1.0711329,0.6085813,-1.2600374,1.1938132,-0.50448364,1.3798287,0.9001609,0.0600073,1.5012392,-1.6800822,-0.307943,-0.122322805,-0.6388735,-0.91959953,0.9425628,-0.58340496,-0.41779715,1.1912578,-0.118844725,0.7022665,0.27762848,0.3823552,-0.99514663,0.060301363,-0.2263781,0.50526255,1.5797343,0.2081231,-1.3822894,-1.2077739,1.0210075,-0.797529,0.85638136,-0.6932759,0.91589236,0.5716324,1.18591,-1.5190672,-0.6918445,-0.40532434,-1.6272073,-1.4707367,-1.8133554,0.08483508,-1.0114801,-0.25777632,-0.033910204,-0.20167781,1.4977652,-0.1327889,-0.14532092,-1.3568459,-0.59095865,-0.15175417,-0.53274906,0.5137672,-0.3241213,0.2111473,-1.4794708,1.8398225,1.635958,1.5717573,0.4626175,-1.1307458,-0.85590976,-1.4371728,-0.33214986,-0.7433314,1.029652,0.32250476,-1.020715,-0.33573085,1.4264585,0.90142345,0.60294336,1.3654523,1.3887209,1.8068045,-0.0046492536,-0.035313457,-1.5422379,-1.3922528,-1.5077835,-0.359624,-0.4421597,-0.32122973,1.0233145,-1.3096744,-1.3119357,-0.013769321,0.06602026,1.5096005
512,1.015241,1.353707,1.0,1.0,0.21956353,0.23756674,1.0652394,0.0,1.0,-0.11663126,0.7280862,-1.4296092,1.545405,-0.914,-1.0997864,-1.0956366,-1.5415205,1.1173626,-1.4634317,0.8508637,-1.4283855,1.1271378,1.3170062,1.3140844,-0.042956326,-1.0219758,-0.56069434,-0.5876304,0.6003546,-0.39302856,-0.83718455,0.7017407,0.70220214,1.264866,-1.5249147,0.5428599,1.3247625,1.5615048,-0.117150076,0.1981351,1.6578363,-0.7333797,-1.6002151,1.5743265,0.7328935,0.1861704,1.6239301,-0.836906,0.67772406,-1.2673737,0.09084214,-0.3291401,0.31289488,-0.5603252,-1.5688299,1.2441689,-0.7112954,-0.3349292,1.1498464,0.2760967,-1.3393837,0.7639737,-0.9145148,0.45746025,-0.050915837,-0.83710414,1.3831149,0.6979859,-0.44894126,0.1065586,0.9641125,-0.29766667,1.5112213,-0.21101315,0.8035676,1.6736997,-1.2025172,0.24490204,-0.5216582,-0.24729896,0.67429966,-0.8802899,-0.14528967,-1.1100593,-0.7999943,-0.45067897,0.51013607,-0.84655464,-1.5813838,1.136528,-1.7716469,0.9013148,-0.71895725,0.8801625,-0.33961967,-0.52523494,1.324502,-1.0834202,-0.49301478,-0.7816123,1.0736439,1.665888
513,-0.0061984276,-0.013497864,0.0,1.0,1.3832327,-1.5424085,0.18319358,0.0,1.0,-0.006106496,-0.57148224,0.51570284,0.95711213,-0.8817919,1.2023954,-1.4349328,0.013282753,-1.7093849,-1.0860314,-1.5767752,0.8475184,-0.4089521,-0.39522234,-1.6227456,0.56094897,0.19700022,-0.6114473,0.3949085,-1.1141808,1.516658,1.3912395,-0.011814557,-0.3933886,-0.53387845,-1.6487501,1.5574808,-1.4084761,1.0546192,-1.0707045,0.4304792,1.0378537,1.3631783,1.7376729,0.85840917,-0.454183,0.68548,0.34718513,1.0216154,0.8167189,0.14514193,-0.011154096,-0.40343162,-0.5436726,0.6684769,-0.45353284,1.5678831,-1.2911658,-1.192715,1.2018491,1.1868497,-0.18769544,0.3339897,1.0441488,-1.5042646,1.1101547,1.3108333,-1.4520879,-1.3588496,0.566938,0.6621247,0.5399398,-0.41883352,-1.2469178,0.6379603,1.2625611,0.6692223,0.42295536,-0.58540577,-1.1647056,0.41645512,0.10828967,-1.2871653,-1.6408653,1.4417928,0.7543407,0.6199504,0.54951894,0.93315244,-0.35722047,1.4191158,1.0734495,0.11446754,1.5586548,-0.9974633,0.20883945,1.6973919,-0.48610792,-0.10942447,-0.75400466,-0.55072314,0.9391261,1.6984507
514,-0.30439407,0.29361948,1.0,1.0,1.6148077,-0.08860674,-1.0776473,1.0,0.0,0.5278405,0.93793476,0.47314227,0.4428655,-0.8365996,1.4609647,0.124645144,1.1244082,0.056886714,1.007216,-1.5695877,1.7162732,-0.6456918,1.2830265,-0.14902289,0.55555797,1.6784439,-0.52503914,0.67260426,-0.08695759,-1.1748312,-0.6656121,1.0321295,0.6741441,-0.22874205,-0.25195494,0.5868837,1.7317967,0.78260636,1.1961739,0.9421387,0.37734976,1.4431052,0.95705414,-1.2384745,0.1905378,0.87245953,-0.21584281,1.6073718,-1.3382819,-0.5528196,1.2122496,-1.2054062,-1.2621262,1.0989556,1.1767136,-1.3586193,-0.3909154,-1.3326936,0.9873379,-0.27363256,-1.2836254,1.2846823,-0.2951967,0.28963104,1.15185,0.8019001,0.4442275,0.2861349,-1.413718,-0.5610671,0.7231681,0.37590796,-1.1209736,1.0096236,-0.56620365,1.1221696,-1.3494802,-0.5940351,0.9642055,1.2369514,1.3130704,-1.2166711,-0.083005145,0.7846227,-0.14609665,1.649836,0.4140809,-1.2537491,0.41951126,0.8630328,-1.7243149,1.7496945,0.8091659,-0.7743218,-1.1955138,0.19989318,-1.755502,0.83956355,-1.5630797,1.4489905,-1.3845222,0.5910522
515,0.952661,1.3210045,1.0,0.0,-1.7572641,-0.5484383,1.720843,0.0,1.0,0.0232483,-0.34007004,-0.45862865,0.998679,-1.0129851,1.8326057,0.7960585,-0.18352786,0.6515505,-1.5900488,-0.029287353,0.9646317,-0.55707604,0.63269264,0.7524937,-1.3921956,0.57491076,-0.29615796,-0.1492493,1.6233311,-0.77748233,0.7818214,-0.36376768,-1.6440692,-1.6884618,0.77587074,-0.9145426,0.3903829,0.64052993,0.14837697,-1.1320758,-0.38427147,0.43178448,-0.79210144,-1.5392969,1.2442577,0.5787641,0.30899903,-1.1817186,0.32264304,-0.23548807,0.7659235,0.93254,0.52227914,0.6424429,1.0825925,-0.17365226,0.5260376,1.4182807,0.47107512,0.05600024,-0.014498236,-0.44549933,-0.51101726,0.4625965,-0.71858305,0.5846881,-0.123031974,-0.9182365,1.4905941,-1.4926268,1.3090037,1.5913397,1.3030787,-1.2635497,-1.12385,1.5282913,1.6439999,0.030474823,0.2520195,-0.5285001,1.3444865,-0.067393295,1.6240097,0.5985941,0.6055278,-0.7306378,-0.82527494,-0.77071285,0.27875274,-0.2989186,-1.3709675,0.6153323,0.59626365,-0.92919,-0.8569245,0.46203914,-1.0840297,1.6287676,1.3497702,0.14286959,1.0157424,-1.3990734
516,-0.15919378,0.10388229,0.0,0.0,1.5658376,-0.90038,-0.6776857,1.0,1.0,-0.27286425,0.018920083,-0.6282068,-0.45266667,0.72757065,0.490219,1.1296014,0.834311,-1.6381321,-0.21259026,-1.3054919,0.18254381,0.7487234,1.0491455,1.401714,0.47711447,1.7013955,-0.20200023,0.8632791,1.041237,0.45525908,0.9624281,0.52323097,1.5320213,-0.119552046,-0.8830479,-0.21329886,0.08161317,1.6856148,0.8766437,-0.7030271,1.7180921,-0.2998643,-1.1291829,1.0779196,-1.3018553,1.6718881,-0.66620237,0.5502514,0.110256016,1.7786616,-0.3892063,-0.96546257,-0.4764946,0.6123908,-1.4325659,0.7596466,0.68819207,-0.23510975,-1.0865666,0.87139714,1.4924406,-0.6464627,-1.5748216,-0.818117,-1.7181586,1.4536729,0.57189924,0.21435973,-1.1197007,-0.43090996,0.9306652,-0.91899496,1.1916921,-1.1336838,-0.38997003,-1.3487855,1.644368,-0.84761953,-1.6809675,0.26017988,1.6888937,-0.74151886,1.6977236,-1.5828601,-1.6065525,-0.3579323,1.0923878,-0.1853822,-0.44856897,-0.7590926,0.1481463,0.061042484,-1.271063,0.9011867,0.10839191,0.6206713,-0.39771855,1.3127344,1.4558889,0.6355854,0.70830834,0.7709403
517,-1.2639333,-0.14652248,1.0,1.0,-1.249966,-0.90513676,-0.6056619,1.0,1.0,0.595507,-0.455823,-0.75857496,0.12607096,-1.0238174,1.6262271,1.6950924,0.572621,1.2307268,0.91508067,0.8223075,-1.032134,-1.6773224,1.4495671,-0.6287948,-0.58445704,1.656851,-0.09963323,-0.81274605,-1.583738,0.5677565,0.035702936,-1.3393642,0.11805468,0.08784244,-1.4102073,-0.39690173,-0.3674307,1.5927534,-0.013858006,1.1570175,-1.1916314,-1.4917312,0.95148766,-0.57879573,-0.6337247,-0.1448098,-1.0741638,-0.5620629,-1.0880148,-0.032914236,-0.64864916,0.48447633,-1.4343358,1.1636951,0.53894466,0.73832774,-0.2647906,-1.5131581,0.32255104,0.3694186,-0.016466992,1.2007058,0.0046102386,0.33820152,1.3679489,-1.2853545,0.9284256,0.5129462,0.838195,0.15156381,-0.11967489,0.79614073,-0.09210224,-0.69005126,0.8582899,1.1856297,1.0805731,0.039805353,0.079215765,1.0750574,-1.338481,-0.28555247,-0.81811893,0.19054992,-0.6294891,-0.2850214,0.64195544,0.8900598,-0.5884282,-1.3144664,1.4170182,-1.3331046,0.3944723,-0.41575372,-1.1743842,-1.675229,-1.6628937,0.0042743976,-1.7266048,-0.15788096,0.906341,0.7081501
518,-0.094498925,0.08481393,0.0,0.0,0.72561747,-0.50105464,-0.29514444,1.0,0.0,1.3180592,1.4131637,1.2976521,0.050876457,-1.7688807,1.4305525,-0.35088667,0.26189616,-1.1856755,-0.024328683,-0.88447505,1.2245911,0.18200469,1.5734649,-1.5884435,-0.41602942,-0.061534464,-0.9312956,0.62963265,1.4504595,-0.08647841,-0.26338428,0.87730366,1.6239667,-0.49921775,-1.1526651,-0.21170574,0.08845768,-1.1527462,0.72928,-1.1891694,-0.7531789,-0.34724498,-1.3081207,0.3429186,0.5977416,-0.596586,-1.10557,-1.4486319,0.6942728,-1.6127888,1.6266289,1.0290049,0.094005145,1.0541149,1.1985679,1.3171654,0.81501466,-0.041342184,-0.10247381,0.5574053,0.16694033,-1.1639032,0.15810984,0.7158344,0.11484011,0.53281313,-0.9627936,-1.6533996,0.25745058,1.7069801,-0.36836934,-1.1234931,0.90699327,0.44684353,-1.1851912,0.53890324,1.5058582,0.43569764,-1.3809742,-0.4963364,1.3193074,-0.27367175,-0.36770782,-1.5803412,-1.4486217,0.2512128,-0.15319203,0.70269656,-0.17654584,0.36372668,-1.2319554,-0.50562394,1.5971763,0.39428306,0.124158144,-1.6985906,1.4050363,1.4638228,-1.4408405,-0.1684278,0.35334986,0.2544246
519,-0.68579006,-0.51441586,1.0,0.0,-1.3241796,1.6054859,-0.95785916,0.0,1.0,0.88049513,1.5566492,-0.3834474,0.48457402,0.8191459,-0.421281,-0.5102157,0.73740333,0.55845624,1.5139364,-1.0616628,1.4374967,0.24804455,0.91484433,0.33990082,0.4059359,0.088661514,0.5331301,-0.33711687,0.4919659,-1.0978606,0.1765839,0.53799284,0.04434911,1.4489392,0.34061497,-0.6363732,-0.029216858,0.6603435,-1.5304118,1.5531065,-0.86180294,1.2343894,0.58292675,-0.7566701,1.1949937,-0.026913762,-1.2065771,-1.2173327,-1.0204719,1.5172076,0.4757657,0.54673034,-0.534972,-1.3651512,0.9597504,1.2844858,-1.2143666,-0.76394737,-1.0596532,1.0712013,0.42999184,-0.22366764,0.88484234,1.4036981,0.442197,-0.22783019,-0.85043764,1.5425681,1.3223982,-0.4650877,-1.2165996,-0.56411463,-0.70444846,1.0261261,-0.05203301,1.5031892,-1.3983613,-1.2849423,-0.011827984,-1.7234799,0.22658819,0.16934584,-0.9050813,-0.19283874,-1.3070779,-0.9526366,1.4995372,-0.7947749,-0.45838305,-1.6177539,0.81317765,-0.5529708,1.3679585,-0.2931176,-1.1386185,1.5409521,-0.71277344,-1.5399525,1.2111777,-0.38737202,1.5346857,1.4146868
520,0.9857169,1.1788578,1.0,0.0,-0.0673341,-0.9792217,1.0484664,0.0,1.0,1.5277537,-0.2415999,0.5044564,0.96289515,0.7444395,-0.11859423,-0.38960087,-0.8341216,-0.5938567,0.41795138,1.2404491,-0.7144872,1.1282059,0.51732445,0.95198065,-0.96452016,1.7112672,0.90269655,-0.8445885,-0.6088521,-1.5690099,-1.332862,-0.9663473,-0.105593964,1.3649814,0.7827733,1.3443401,0.38046458,-0.33947515,-1.001307,-0.37054467,1.2638519,-0.0070548197,1.2964625,0.5150141,1.2380513,0.56890386,-0.037034173,0.60217524,-0.2504776,0.96293634,1.1237262,-0.113550395,0.38803008,1.3552675,-0.23220743,0.9149944,1.4417614,0.907335,0.56753516,1.0071839,1.5795304,1.2716063,0.5841282,-0.66188514,1.570781,-0.009807721,0.42840853,1.7034167,-0.5448343,0.6438185,0.05313931,0.70416313,1.4208204,0.7780144,-1.5401186,1.4188935,1.3884412,-1.5905675,1.2439064,0.7474025,1.3348857,-0.13293274,0.6209616,0.82234937,-1.0432707,1.4778194,-1.7420433,1.4175915,0.57491606,-0.85053885,-0.74976474,0.5830468,-0.15281014,-0.9211314,-0.9058177,1.6460843,0.33460766,-1.4710199,-1.4583402,-0.7127024,0.6204199,0.15529485
521,0.12302353,1.2563105,0.0,0.0,1.0155364,0.7012298,-0.4855303,0.0,1.0,1.3541981,-0.7278872,0.051808268,0.6562168,1.2528908,0.849138,-1.5159656,-1.4327656,1.1828536,-1.4948288,-0.90934736,0.008405972,-0.30553263,-0.6830672,-0.16005595,0.81170166,-1.447172,-1.5475256,-0.3492151,0.11108069,1.0117732,1.2911772,1.146016,1.5187236,-0.3399446,0.21918303,-0.3231973,-1.5580386,-1.3021739,-1.504193,-1.4426123,0.44041336,-0.28824016,-1.0806019,-0.64673793,-1.2298385,-0.7713239,-1.445578,1.333477,0.54681915,-1.3851867,1.1423533,1.2745726,1.228599,-1.170942,-0.307832,1.6209427,0.17168756,-1.0015684,0.7103844,-1.6958593,-1.5254687,-1.398397,0.3469025,-1.1728761,-0.6799904,1.0356154,0.5181338,0.91245073,0.4589457,0.14287072,-0.7666625,0.45813546,-0.7667013,1.507488,1.2002816,-1.1601909,-0.7925531,0.9608057,-0.29850143,-1.5762744,-1.6064558,-1.153689,0.83293664,-1.4289768,-1.0232824,-1.3193899,0.72051865,0.65916884,-0.83004427,0.49987522,-0.5909589,-0.6675508,-1.7328007,-0.20949267,-0.90569144,-1.0260562,-1.2449371,-0.6045236,0.029430792,0.8902577,0.58105385,1.0250812
522,1.3053001,1.4716802,1.0,1.0,1.6153402,0.3764956,0.69273454,0.0,1.0,0.12424204,-0.9437114,-1.354981,0.60700375,0.32454562,-1.639865,-1.1757126,0.467816,-0.60070086,-1.5591246,-1.3155601,0.25905973,0.9919068,1.0963668,-0.4597132,0.4463782,-1.3360004,1.6049265,0.383394,1.5911373,-1.7608982,1.322798,1.0706469,1.0390916,1.4936075,0.99199235,-0.9461874,0.50513685,1.089097,1.1926209,0.2409163,1.1029823,-1.0736735,-0.65561527,-0.5780769,-0.49433225,0.5098442,0.37618303,-1.0595453,0.22596756,0.08771417,-0.5205971,0.15499844,-1.3801848,0.22617084,1.4287678,1.0173851,-0.17321812,-0.6635346,1.3566828,0.6563623,0.9446695,1.3870827,-0.1571081,-1.6043948,-0.30866468,-1.695819,1.3415915,-0.66224927,-1.6853241,-1.1839895,0.26113293,0.46799502,-1.3178998,-0.3041703,-0.6224356,0.96534604,0.46052742,0.9774269,-0.99938947,0.8317319,-1.0001395,-0.3102125,0.16933316,0.786564,-1.4626912,-1.6713885,0.49478552,-1.3855546,-1.4183586,0.64040244,-1.4513303,-1.0636929,-1.3209331,0.0858971,1.2622739,-1.1673877,-0.884057,0.5652755,-1.6354935,1.3517284,-0.6848001,1.660782
523,-1.2263211,-2.3824017,1.0,0.0,0.28961942,-1.3658555,-1.6220549,0.0,1.0,-0.7952524,-1.5984385,0.018424874,1.5112637,1.6251154,-0.763327,0.36008963,0.6959853,-0.28937012,-0.20566595,0.88045335,-0.6869504,-0.902956,-0.9267062,-0.19327927,1.7096351,1.540541,-0.9311352,-0.93127126,1.3728769,1.3213661,0.466592,0.96973485,1.0794959,1.3633127,-0.024550375,1.1953218,1.2093192,1.6861502,0.9056779,-0.046918534,-1.2435658,-1.5467398,-1.3608043,0.46029323,-0.92442894,1.5197426,1.3811994,-0.73106587,0.7085488,-0.13549443,-1.5767262,-1.5217665,0.5922046,0.43539658,0.118976735,0.074404866,-0.68826324,-0.021053152,0.4651694,0.13441944,0.45703822,1.7508985,0.20540251,0.19418974,1.5344665,1.2940043,0.9773097,-0.7294401,0.45810252,-0.6300459,-0.9848029,-1.1036961,-0.7723476,1.453541,-1.337953,1.3216326,-1.5981547,0.6835294,-1.3911998,-0.84565616,0.55923593,0.42025083,-0.79090613,0.8323014,-0.3587924,-0.8108122,-0.18170998,-1.4118685,0.8081464,-0.039486066,-0.096910484,-1.0527084,1.3994979,-1.1439443,-0.6443799,0.34379947,-0.08172271,-1.0832527,0.5146435,0.78458303,1.0766741,-1.3222605
524,0.011738618,-0.0002617534,0.0,0.0,-0.13134022,-0.21852729,0.17387728,0.0,1.0,0.41060776,-0.5205984,0.585329,-0.0223953,0.39247918,-0.003656278,1.3845357,0.39334974,-0.4817711,-0.7449027,1.6219194,-0.8999205,-1.1315289,-0.28925195,-0.40283132,0.82252836,-1.3465066,1.7021289,0.8449496,1.3821995,-1.6122419,-1.1869669,0.10906316,-1.4814688,-1.682418,0.6110821,0.6971875,1.0489377,0.66165257,-1.1916176,-1.0505053,-0.68467003,-1.3650895,-0.013048919,0.5875479,-1.3967822,0.8699649,-0.63405627,0.60740596,0.3829691,-0.73444915,-0.796038,0.90651983,0.7370848,1.1491686,-0.6168375,1.4170558,-0.35659567,0.21482293,-0.5007965,0.9161566,-0.53536636,-0.19624643,-1.6184125,-1.3855847,-0.03458242,-1.6683006,1.2627712,1.3073231,0.24729152,-1.6273575,0.8093243,-1.4711251,0.328442,-1.3667539,-1.1925471,0.97789496,1.4796338,1.6302887,1.5667593,0.3772865,-0.26185814,-0.08681324,-1.04222,1.3708358,-0.3351862,-1.5216435,1.1806743,0.777864,-1.4613911,-1.2121669,1.0304619,0.21803878,0.84028834,0.22457747,-1.0145638,1.6462405,1.3179208,-1.0269752,-0.9626942,-0.8857231,1.5599544,1.7503145
525,0.32995805,0.30710152,1.0,1.0,-1.0944703,-0.47528237,1.0798887,0.0,1.0,-1.31177,-0.54057515,-0.48556983,-0.18674049,-0.98658156,1.8141531,0.07297854,-0.6527645,0.72181356,1.6737787,-0.61767197,1.2330371,0.3913468,-1.5333414,-1.6141706,-1.2921122,-1.2449545,1.6140482,0.66790247,1.0346701,-1.7265348,1.7446376,0.3154773,1.234534,1.381312,-0.049077626,0.050708264,-0.6916031,-0.64278054,-0.088784516,-0.75384325,0.520887,0.099163234,-0.25003597,-0.07439,-0.36078787,0.46151027,1.0943886,0.34700477,-0.7278424,1.047703,-1.4424973,1.7907904,-0.9190081,-0.43622833,0.2541411,-1.4512037,-1.3417908,1.6781685,-0.32902366,-1.4453627,-0.09575868,-1.598305,-0.48958436,-1.2936677,0.29380438,0.07107426,-1.305907,-1.6592643,0.99074334,-0.47674063,-0.88721406,-0.8822528,-0.4631938,1.0269985,0.5363013,-0.81015116,0.28588665,0.29513535,-0.99358857,-1.545011,1.6419474,-1.6084583,1.5349741,-0.45178154,0.1546351,0.42705452,-0.75877523,-1.4097761,-1.2243992,1.0888302,-0.8359164,-0.5220895,0.5609754,-1.1803453,-0.34721026,-0.849695,-1.3830409,-0.93874264,-0.47229266,-1.1567403,0.6684025,0.20093377
526,0.29489115,0.6082658,0.0,1.0,0.6471704,-0.11717369,0.5323914,0.0,1.0,0.9464665,0.38790318,1.1573793,-0.07846655,1.3427517,0.020616317,0.21134627,1.595658,-0.42249215,0.14163427,-1.1553632,1.1908906,0.6024354,0.1267982,0.8468754,0.43229556,-0.67329687,-0.29986894,0.04883675,-0.6396221,-0.7237223,-1.7152629,-0.72350496,1.2524784,0.5378298,-0.103296846,0.3887962,1.1512116,-0.53173727,0.99403787,-1.2909007,-0.9306418,-1.1744313,0.4649482,-0.079767145,-0.47445023,-1.577386,1.5229187,-1.4131044,-1.2353749,0.69310206,-0.21826255,-1.2182059,1.2640235,-1.7102416,-0.17872627,-0.9546852,-0.53935426,-1.1690183,-0.57844555,-0.016193535,-0.98362035,0.31382203,-1.3982793,-1.259288,-0.10396496,-0.45121714,-1.6522523,1.530645,0.919397,0.9941764,-0.5205438,0.89089984,1.4181474,1.1661882,-1.3113447,0.87753433,-0.9385935,1.5300038,0.88868266,0.060235504,-0.16691986,-1.1411602,-0.48957384,-1.6115773,-1.6481085,0.5971203,0.4716265,0.5101567,0.10422317,-0.87812424,-0.20875794,0.066192545,1.4577278,-1.759134,-0.18407437,0.61269623,1.2532856,-0.4580801,0.14964569,-0.43368506,0.07231388,0.72940576
527,-1.782539,-1.7872039,1.0,1.0,-1.2791116,-1.1209068,-1.1452558,1.0,0.0,1.407259,0.8084796,-1.2350204,-0.14521354,-0.26040864,-0.43112496,-1.711459,-1.4910572,0.57176054,1.619075,-1.5702691,-0.21145156,1.26814,1.1392357,0.1621538,1.3656758,-0.062431496,0.16675827,-0.8811136,-1.2159872,1.5008875,0.09224349,1.5255519,1.3537508,1.1285981,-0.82088405,1.3257294,0.0029778169,1.1292393,-0.72351193,0.25409073,-0.7768523,-1.7099032,-0.27992392,-0.4898074,-1.0680689,1.2728491,1.5123127,0.24511752,-0.11330143,0.16936806,1.4757354,0.7824407,-0.9364237,1.1751219,-1.1206042,0.24240664,-1.4815648,1.3959213,0.8545658,1.5753857,0.16612694,0.89406735,1.2231574,-1.4958521,-0.8178794,-0.22899976,-1.5151702,-0.7154982,-1.6614848,0.8539283,0.6061292,0.28386545,0.43652427,-0.5372939,1.312887,-1.4488169,-0.92937124,0.3390184,1.0365489,0.073523566,0.33070862,-0.4885757,1.0110523,0.6897805,1.1721516,0.3253397,1.2822924,0.27595052,0.74603796,-1.2885867,-0.6355464,1.3512849,0.024171295,-1.6286426,-1.2098346,0.3037021,0.31558934,-1.4263701,0.0037236838,-0.3264193,0.25124764,0.18880072
528,0.41062388,0.045920793,0.0,0.0,0.07823215,-1.2720827,0.8072694,0.0,0.0,1.6875422,-0.39510214,0.41348508,1.2648915,1.5811199,0.22358236,-1.5105261,0.026355598,-0.38467988,-0.73434657,0.74795276,0.32146835,0.7836968,-1.3871415,0.8135966,1.1989404,1.1990961,-0.8287957,-0.26056108,0.8009254,-0.51233584,-0.42254928,1.5823746,0.5497827,-0.80643004,1.5833292,-1.5407777,0.99011153,1.3508699,-0.32113624,-1.6515902,0.48609838,-0.71732944,-0.21245089,-0.109146215,-0.28800857,-1.6498581,1.1983713,-0.4468098,-1.2868563,0.5076019,-0.56263036,1.4870534,-1.7833922,-1.5570357,1.296517,0.15773553,-0.25382784,0.5402603,1.0297778,0.32574862,-0.4673017,-1.1837983,-1.4147104,0.051810652,1.1121767,1.1396719,0.32468498,-0.20271549,-0.57912076,-0.68901086,0.5877206,1.5792891,-0.28055063,-1.2237358,-1.6604906,-1.6738652,-0.75692827,-1.7019264,-1.3560014,-0.10960119,-0.8214183,-0.40407157,0.73658866,-0.40059933,-1.1609868,1.2029179,1.7266186,1.0094402,0.81180423,0.32147935,0.06969661,0.2392315,1.6764576,1.7137594,-1.1530447,0.41184494,-1.7458124,1.2499058,-0.13268612,1.4152747,1.1480695,1.5386939
529,0.16144271,-0.3342851,0.0,0.0,-0.037475664,0.08610411,0.22670802,1.0,1.0,1.1155905,-0.7001143,0.74289423,-0.7970558,-1.457255,1.7086533,0.08308564,-1.3035327,-1.1426938,-0.31259426,-1.5723395,-0.5922362,-1.263613,-0.6225313,-1.3926604,0.16002145,0.39002314,1.3495526,1.2412641,1.5613779,-0.106489845,0.1546431,1.6634142,-0.5853102,0.48623976,0.83658725,-0.6131897,1.2423302,-0.7026315,-1.668868,0.5942998,1.1708882,1.0446817,-0.9060128,-0.5190456,1.1523315,-1.2811363,-1.6610676,1.5665131,0.7948927,1.7569386,-1.2224392,-1.1758581,-0.4793653,1.4336582,-0.8882223,0.94111216,-0.926876,-0.18913653,-1.3568809,1.0906571,-1.4976274,0.12723498,-0.568221,1.0030699,0.5799291,-0.16191229,1.3919455,0.9366164,0.16952246,-1.1883291,-1.280639,-0.7704736,-0.01929012,-1.0766387,-1.5979325,0.3555561,1.0550301,-0.007218519,-0.5017656,1.1871216,-0.5617432,0.6430613,-0.8636135,-1.5784459,-1.0514096,0.76640445,-0.8237581,-1.1676791,-1.3940786,-0.3245309,-1.6871823,-1.3207048,1.2463828,1.184456,-1.2520779,-0.40381125,-1.4336956,-0.7227782,-0.9082016,0.047817115,1.1225362,-1.1693895
530,0.48405617,0.4091735,0.0,0.0,-1.566356,-1.1591836,1.6631739,1.0,1.0,0.22633886,0.70402706,0.73158324,-1.458963,-0.4686006,0.17668562,1.5137664,1.6492707,1.661772,0.51672477,0.6571457,1.207192,0.8050402,-0.54729766,0.8145405,-0.6057225,-0.31064248,-1.7009529,0.2598391,0.28744504,1.0615084,1.2368456,-0.7657852,0.9089194,1.0196934,-0.3094038,0.97513574,-0.41032225,-1.6078423,0.90007204,0.77325267,1.4242514,0.56429356,1.5921998,-0.030602524,-0.02668653,1.6082069,-0.5280517,0.5741566,-0.9168957,1.5898588,0.105669655,0.45507485,-1.0474426,0.94870347,-1.5280687,0.74579656,-1.12126,-1.3049307,-0.9468147,-0.30225465,1.2324324,0.11129837,-0.34398618,0.2275664,1.3376818,-0.7302904,-1.0163194,0.47050163,0.05830603,-1.487537,0.9917973,0.9388491,-0.8313274,1.0046176,1.2773266,-1.7834789,0.6387003,0.8121666,-0.5994983,1.2909406,0.62278026,-0.60651654,1.2254273,-0.16757211,1.608379,0.4504043,1.5589151,-0.6463748,0.32572475,0.79171807,-0.9130915,-0.8429078,0.61448216,1.171065,0.7042331,-1.5910809,-1.3760592,0.25987732,1.485446,0.67754686,0.43912423,0.14179857
531,0.5955394,0.7982419,0.0,0.0,-0.36644825,-0.5490461,1.0567617,1.0,0.0,0.3552161,-1.4999,-0.578375,-1.4153926,-1.1687428,0.07313195,0.3518023,-1.0783479,-0.24150811,-1.1262177,1.4281393,-0.16465354,1.2904875,0.4659542,0.29280204,1.2266492,-0.10672812,-0.5317711,1.1194484,-1.1093795,0.3926531,0.39452672,-1.4752502,-0.1606325,-1.6012634,0.45680797,1.609918,0.20927973,-0.37334743,0.7082224,0.0099603245,1.6841013,0.40902492,-0.4305626,0.8389405,-0.97473836,1.4139732,1.1946886,0.7072921,-0.7398088,-1.6477467,-1.0061349,-0.8333245,1.6369662,0.96609753,-1.0729395,0.47427496,-0.79082745,1.324485,-1.339647,0.1844569,-1.4526501,-0.82503563,0.11488477,-0.23397397,-0.15503266,0.9096473,-0.35744622,-1.3031346,0.7044354,0.8443014,0.49935022,-0.66667724,0.76668775,1.6036782,-1.5819535,1.1353815,-0.94422,-1.4833621,-1.4932474,-0.76566523,-1.4673866,-1.4346868,0.76077384,-0.7938547,-0.46818647,1.6466292,-0.2386446,-1.4931318,0.5556055,0.022969743,-0.9180947,-0.57560587,-1.2440121,-1.697212,1.6732299,-0.02941636,1.2765654,1.0794502,0.1903154,0.16256055,1.2685838,1.257339
532,0.43342116,1.1106457,1.0,0.0,0.087750554,-1.3667327,0.42345643,0.0,1.0,-0.30364868,-1.776506,0.23550451,-0.957944,-1.2948872,-0.66564333,0.45426896,-1.5869639,-0.3742305,-1.115474,1.1681107,1.5142162,-1.4854509,0.09929073,0.45127764,-0.92220837,-1.0802664,0.19238758,-0.72054136,1.6921656,-0.27328384,-0.80356365,-1.0672548,-1.3561959,0.70676327,-1.3420955,0.16862589,0.95479506,1.426323,0.081895515,1.3529202,-0.8842004,-0.29918987,0.7330407,-0.55767274,-1.6641563,-0.83365935,0.33832613,1.0022055,1.0124999,0.6933825,0.27788642,0.66068894,-0.92224616,-0.8933615,-0.062230267,1.3697054,-1.0508736,0.83461285,1.5444419,-0.7908654,-1.1601783,-0.75515556,-1.4678067,0.1925915,1.6289287,-0.57410437,1.7652025,-0.1152214,0.55972844,0.6689616,0.35702798,0.49776217,-0.30599067,-0.86712116,-0.042812362,-0.10924424,-1.6142477,1.4221405,-1.4579732,0.43259832,-1.0909885,1.2259138,0.8534189,-0.20429707,1.5453097,-0.012653131,0.8995347,-0.24601102,1.1468873,0.9568702,-1.0524098,-1.3376931,-0.16046357,1.0966921,1.6706828,0.40509632,0.9945992,-0.41138053,-0.8903279,-0.3974622,1.5131208,-1.5292552
533,1.4493521,2.1467433,0.0,0.0,0.48691782,-0.26255548,1.5715814,1.0,1.0,1.0675424,-1.5725615,0.79550093,-1.0920506,-0.3432477,-1.491453,-0.07074409,0.65582174,1.5736651,1.2906388,0.951813,0.260767,-0.7393669,0.40670538,-0.1340455,-1.482706,1.5625635,0.6493996,1.1343101,0.25483707,-0.6855772,0.23674877,-0.22109881,1.5184131,1.2134882,-0.9537877,0.4942742,-0.28208634,0.29996505,-0.61549497,-1.7570342,0.5491183,1.478995,1.3529649,-0.09149035,-0.38055176,-1.4734093,0.67589086,-0.025503717,0.68943286,-0.9026575,0.016228395,1.4365219,1.3480389,1.1269023,-0.5779537,-0.71934396,1.2374312,-0.6236976,0.4391265,-1.7202631,1.453449,-1.176758,-0.55561227,0.95847183,1.4784319,-0.41333482,1.1203663,0.51112586,-0.036069654,-0.61799353,0.9799352,-1.0667729,0.5803679,-0.36259824,-1.5240084,-1.6243868,-0.21732977,-0.07109783,0.20348239,-0.99179184,-0.8861478,0.5708566,-0.3570801,0.2187442,0.8935678,-0.32431576,-0.37746507,1.1595361,0.33102468,-1.6596571,-1.0979358,0.39148724,1.1900524,-0.836639,-0.5911407,-1.3662674,-0.3535093,0.2478433,-0.3372051,1.2562423,-1.235548,-1.0326674
534,0.966823,0.7778872,1.0,0.0,-1.3275286,0.055054612,1.375819,1.0,1.0,1.1925097,-0.15212953,1.6135352,1.2784659,-0.24954395,0.019414522,-0.6958013,0.25673115,-1.6821163,-0.97796875,-0.34545356,-0.6158247,-0.26769167,-1.3932503,0.113916114,-0.4012393,0.822726,-0.53720206,0.9626555,-0.33081126,-1.7448457,0.93865347,-1.4554288,-1.1582745,-0.7399957,-0.0759622,-1.4569517,1.0448415,-1.1616442,0.9435621,-0.8153362,0.5167584,0.67859125,0.27939567,-1.6284676,0.13097882,-0.48939344,1.0851228,-0.7787936,-1.5105044,0.2819905,-0.9524607,1.0187627,1.1501596,0.9654918,-1.4367437,-1.5447453,-0.86217695,-1.4489504,-1.0313358,0.13721418,1.2253128,0.3348283,1.2902648,0.7347358,-1.3689952,1.6763207,0.025302807,-1.2077718,-0.49190044,0.79804873,-1.1746627,-1.1656731,-0.20648925,1.4978076,-0.5632686,-0.9389145,-1.1506996,-0.14018464,1.2009258,-0.8832578,1.3260081,-1.7369906,0.79014355,-1.5536758,-1.1362498,-1.5940483,-0.13788888,-0.9143306,-0.5898702,-1.3290515,-0.33276477,-0.84205115,1.2018021,-0.45601353,-0.9151206,0.09780776,-0.46761262,-1.0233847,0.4524102,1.4621733,-0.39429185,0.7137338
535,0.98937654,0.7740239,0.0,1.0,0.52203685,1.0133703,1.1212823,0.0,0.0,-0.6108608,0.036545604,1.3394506,-1.5150905,0.94596946,0.15407349,0.874052,1.2479775,-0.9863473,-1.5271817,-1.4659245,0.27760655,-0.050142348,0.19720006,0.08180675,1.3541656,1.1036736,0.85865134,-1.4810407,0.91724193,1.0580848,0.35412225,0.84724015,1.5623891,-0.9105613,-0.22343644,1.4131056,-0.59409845,-1.3982129,0.13448752,1.799775,0.14676683,-0.25477505,-0.24721618,1.1902364,-0.7695718,1.0196606,-1.4902385,-1.5419714,0.10642076,1.2917029,-1.3388008,-0.28472745,0.8312238,-1.2720563,-0.5549878,0.32875934,0.82431036,-0.7148961,-0.07469845,-1.0838349,0.28524265,-0.7557356,1.5507188,-0.9497964,1.5849531,0.00172336,-1.3684692,-0.9160585,0.85820633,-0.62504464,-0.10426232,1.0703967,-1.1716491,1.1683494,1.6713912,1.2489176,1.4932245,1.3987737,1.2354808,0.51652974,-1.5771146,-0.124758765,-0.15645853,-0.21276389,-0.7624001,1.7513641,0.33536115,0.61505616,1.2517409,0.41679287,-0.36536947,-1.6330909,1.0744154,0.4660261,0.15234058,1.5152087,1.513224,-1.2945791,0.14895518,1.6590188,0.09134609,0.19127457
536,-1.0980546,-1.0892063,1.0,0.0,-1.5118053,0.34980702,-1.0320746,0.0,1.0,-0.6870609,-1.2268221,1.5410297,-1.7219836,0.64263624,0.5932611,0.8220961,1.2765038,1.1145393,-0.22100262,-0.73533475,-0.046048775,0.60838926,1.0922989,-1.0596489,-1.5680765,0.4772034,-0.2917074,0.16290541,-0.905555,-0.063654415,1.7646374,1.6445595,0.37252197,-0.5871713,-1.1712164,0.042194717,-1.3710996,0.11736005,1.7005157,-0.2704935,-1.2632914,-0.08223281,0.2171419,1.329364,0.7273745,-1.0856394,0.550731,0.8814432,0.3063933,-1.0462662,-1.5706743,1.6159488,-1.3509939,-1.3091491,-0.45309022,0.90079397,0.057735797,0.013387881,0.2317256,0.05555285,1.4725732,-0.7490186,-0.7633368,-1.2660135,-0.25796634,0.38525334,-0.30592775,1.0351087,-1.368755,1.7502067,-0.75260675,-1.0458483,-1.3746941,1.4187734,1.2918005,-0.9540017,1.0359355,0.43316254,0.5672556,-1.553873,-1.4879932,-0.27187,-0.3659985,-1.7018489,-0.11172979,0.7275895,1.1454273,1.2987503,-0.07154839,-0.17307676,0.38779363,-0.64959425,-0.15760003,-0.23419537,-1.2106527,-0.6708922,0.6574846,0.26776052,0.7415765,1.6747537,-0.650502,-0.092488654
537,0.6135382,-0.5427667,0.0,1.0,1.477017,-0.19641772,0.5234817,0.0,1.0,0.8003417,1.6041372,0.11585223,0.35480112,-0.17288984,-1.3795513,-0.107183315,0.388802,0.78104436,0.8616719,-1.6809682,1.0688744,-1.0555038,-0.65763414,0.5665885,0.78809756,-1.5143082,-0.864064,-0.14466837,-1.3563548,-0.45982832,-1.1587818,1.3855426,0.8370281,-0.11127785,0.20429897,1.070749,-1.5468525,-0.5303659,0.3496119,-0.99573344,-0.24638943,-0.8063391,0.26224238,0.27978328,-0.503768,-1.4697249,-1.7850224,-1.4207242,-0.48298845,0.0721019,0.31332418,1.0481368,-0.44432077,-0.5063849,1.350376,-0.6193463,-1.2407775,-1.2467898,1.5818477,-0.17851636,0.545738,-0.4160638,-0.611715,1.6535457,-0.33230856,-0.43006104,0.76038253,-0.49569267,-1.6708683,-0.91944844,-0.20192973,1.0716841,-0.2437038,0.29598603,1.492765,0.46506885,-0.29958925,1.0715696,1.4955418,-0.20076358,-0.7513805,-1.4487972,-0.72500473,0.24920319,-0.37010854,0.9375483,1.0095725,1.0676289,0.14417581,1.1493192,-0.45706996,-0.60855705,-0.12083027,1.701095,1.1451232,0.6696383,-0.707673,0.21227242,-0.67340523,-0.66577876,0.51306224,1.736867
538,-1.827995,-1.2851008,0.0,1.0,0.5543643,-1.1263868,-1.6573328,1.0,0.0,-1.1801525,-1.6832796,0.5486687,-0.1597611,0.8255955,-0.13026541,0.2053681,0.0971707,-0.7475735,-0.8661236,1.0146315,-0.6297348,-1.5268644,-1.7110467,0.10092153,0.9900681,1.6653682,0.7839631,0.5647892,0.3365345,-1.5384685,1.8069079,1.0320898,-0.9984542,0.4696653,-0.33721137,0.37489977,-0.8925415,1.5610934,-0.31842247,-0.859249,-0.04057029,0.51432294,0.6160692,-1.2748007,1.3984118,-1.7086965,-0.72407436,-0.49234405,-0.32803077,-0.36948952,-1.6830857,-0.25420123,-1.8234493,1.5877118,-1.7389097,0.038992945,-0.76007164,-1.5957584,1.0566901,1.7541249,1.4925299,-0.2518028,-0.6123425,0.15525097,1.4739447,0.39691818,0.6214177,1.0459429,-1.1634326,0.6853852,1.0723742,-1.2292343,-1.5930202,1.0934289,-0.39913324,0.80407447,-1.3695116,1.3533318,1.260204,1.4669377,0.37902611,-1.4644982,-1.5530387,-1.378392,0.15922326,-0.4688427,0.55536216,1.6738831,-1.6388611,1.6167755,-0.2459138,-1.5136209,-0.7957604,1.1083573,1.4630667,0.88586074,1.3160126,-1.2569168,-0.9713091,0.80310977,0.33078536,-1.2176096
539,1.4591461,0.92605853,0.0,0.0,1.0748705,0.99636155,0.97843605,0.0,0.0,1.1016526,-0.7660579,-0.20528153,-1.2579528,-1.1802404,-0.9449904,-0.3756636,-0.92864764,0.6498008,1.0373365,-0.9257692,-1.0386164,-0.4998371,1.2675794,1.1380768,1.4689344,1.7127713,0.34750748,-1.0369732,-0.36636445,-0.2720739,-0.280093,1.1067127,1.6311378,0.5503138,0.09409636,-1.3509955,1.4202898,-0.20430969,-0.5437646,1.704577,-1.0789827,0.49820364,0.06454649,1.623297,-0.9638596,-0.6713906,-1.2761308,0.64298034,-0.47385553,0.7857132,0.49950317,0.20912808,1.4660878,1.601976,1.6249595,-0.031031983,1.0575037,-1.6799996,0.079645574,-1.5267222,0.00833045,0.058878772,0.45452183,-1.7827034,-0.659187,1.7318288,1.1518254,1.2236441,-0.70434535,-1.6410726,0.049353838,-1.1057057,-0.6626455,0.19175118,1.2622732,1.4135503,-0.42937455,-0.34038806,-1.7238014,1.1911979,-1.2696567,0.34127572,0.5892677,-0.140359,-1.3455632,-1.3716366,0.18300304,0.2893525,0.020228388,0.54898375,-0.39752507,1.2176337,-0.096392825,-0.41460705,0.59448314,1.4162389,-0.7123302,0.5140716,0.3943616,0.74214023,-0.6738862,1.6487114
